    unsorted:	 1689.551574 1722.541850 1644.966628 1774.731065 1525.790740 1894.490442 1957.433297 1240.565146 1220.024075 1344.203888 1142.031823 2086.342055 2182.809788 963.5794853 712.9083555 762.6015753 2400.814929 2428.837481 2477.818387 2590.710274 569.8715485 2672.878793 362.3026420 394.0345627 267.5629903 230.2615973 185.8798816 2915.248207 3422.148383 3533.078534 5549.820243 7415.312523 11276.51586 11779.19574 12476.08192 14021.08917 15167.02969 16058.12782 21365.08509 30156.88196 32034.80249 35091.35878 42644.59186 74147.56054 98877.85197 152775.1025 201207.0783 254202.1660 1251637.795
      sorted:	 185.8798816 230.2615973 267.5629903 362.3026420 394.0345627 569.8715485 712.9083555 762.6015753 963.5794853 1142.031823 1220.024075 1240.565146 1344.203888 1525.790740 1644.966628 1689.551574 1722.541850 1774.731065 1894.490442 1957.433297 2086.342055 2182.809788 2400.814929 2428.837481 2477.818387 2590.710274 2672.878793 2915.248207 3422.148383 3533.078534 5549.820243 7415.312523 11276.51586 11779.19574 12476.08192 14021.08917 15167.02969 16058.12782 21365.08509 30156.88196 32034.80249 35091.35878 42644.59186 74147.56054 98877.85197 152775.1025 201207.0783 254202.1660 1251637.795
