    unsorted:	 1730.128125 1716.254662 1781.561443 1662.213019 2011.343855 2088.144655 2129.863258 1520.938546 2326.137429 2346.243210 1156.474986 429.5309808 528.6964395 1.013522158 3182.701336 3360.333194 3704.684394 0.1589647688 3946.474969 4181.430796 6593.442805 9392.964901 13285.02032 14460.16300 16528.54409 17658.15169 18977.51615 21919.76517 26355.43097 29825.36443 34988.87954 47506.52920 59025.53950 60653.79466 71118.52986 73368.77061 78754.54586 95059.40631 119133.3024 132061.3567 181610.6693 219441.8031 239312.1761 333566.5160 801262.0180 2476376.451 -20078234.74 99348230.78 8.233053979e+11
      sorted:	 -20078234.74 0.1589647688 1.013522158 429.5309808 528.6964395 1156.474986 1520.938546 1662.213019 1716.254662 1730.128125 1781.561443 2011.343855 2088.144655 2129.863258 2326.137429 2346.243210 3182.701336 3360.333194 3704.684394 3946.474969 4181.430796 6593.442805 9392.964901 13285.02032 14460.16300 16528.54409 17658.15169 18977.51615 21919.76517 26355.43097 29825.36443 34988.87954 47506.52920 59025.53950 60653.79466 71118.52986 73368.77061 78754.54586 95059.40631 119133.3024 132061.3567 181610.6693 219441.8031 239312.1761 333566.5160 801262.0180 2476376.451 99348230.78 8.233053979e+11
