    unsorted:	 1034.495628 1036.705500 1040.614468 1027.827335 1023.736973 1017.863647 1053.416115 1057.668048 1061.953762 1013.655936 1005.759425 1002.319404 1001.229264 996.1880620 992.2284908 1074.143118 1077.485545 1080.808016 1086.213067 986.0823603 1099.715404 980.7040946 1115.790469 1117.214864 1130.471964 1129.120822 1133.547636 1138.976270 976.9207939 1147.596103 1152.715276 1160.970794 1170.722962 1178.751922 958.3001328 1210.861872 1217.761273 936.7214170 932.1409394 1237.298055 1240.468338 1253.249653 1258.308284 1276.465166 1292.472917 901.3185789 1303.614498 884.9349170 1324.794454 1365.648652 837.2647540 1393.666209 1415.597869 1429.415805 814.3585384 1446.111437 794.2344150 1487.463943 757.7756301 1519.639753 1558.804163 1666.442153 1680.716960 1736.785816 1743.936517 1823.577719 1894.005963 1945.968896 1950.634234 2056.424112 344.0045962 309.9713954 254.0310215 2210.079958 2273.168882 2337.453231 0.3763626560 1.489132513 2425.822916 2515.184402 2587.346325 2625.469457 2835.742298 3007.184423 3042.039262 -681.9403310 3498.482653 4161.233532 4208.649763 4340.994285 4657.380266 4956.985828 5678.638395 8278.101861 10696.98123 13619.05981 21020.42391 20790.32061 21648.63892 23479.75709 27983.89907 30744.28123 35278.71607 37184.13533 39961.20220 41821.37018 51084.75080 53007.47816 60125.57873 63728.41844 70226.85719 77120.25416 93638.60210 107994.5748 122412.4412 170286.2196 234626.7895 5237891.147 5743527804.
      sorted:	 -681.9403310 0.3763626560 1.489132513 254.0310215 309.9713954 344.0045962 757.7756301 794.2344150 814.3585384 837.2647540 884.9349170 901.3185789 932.1409394 936.7214170 958.3001328 976.9207939 980.7040946 986.0823603 992.2284908 996.1880620 1001.229264 1002.319404 1005.759425 1013.655936 1017.863647 1023.736973 1027.827335 1034.495628 1036.705500 1040.614468 1053.416115 1057.668048 1061.953762 1074.143118 1077.485545 1080.808016 1086.213067 1099.715404 1115.790469 1117.214864 1129.120822 1130.471964 1133.547636 1138.976270 1147.596103 1152.715276 1160.970794 1170.722962 1178.751922 1210.861872 1217.761273 1237.298055 1240.468338 1253.249653 1258.308284 1276.465166 1292.472917 1303.614498 1324.794454 1365.648652 1393.666209 1415.597869 1429.415805 1446.111437 1487.463943 1519.639753 1558.804163 1666.442153 1680.716960 1736.785816 1743.936517 1823.577719 1894.005963 1945.968896 1950.634234 2056.424112 2210.079958 2273.168882 2337.453231 2425.822916 2515.184402 2587.346325 2625.469457 2835.742298 3007.184423 3042.039262 3498.482653 4161.233532 4208.649763 4340.994285 4657.380266 4956.985828 5678.638395 8278.101861 10696.98123 13619.05981 20790.32061 21020.42391 21648.63892 23479.75709 27983.89907 30744.28123 35278.71607 37184.13533 39961.20220 41821.37018 51084.75080 53007.47816 60125.57873 63728.41844 70226.85719 77120.25416 93638.60210 107994.5748 122412.4412 170286.2196 234626.7895 5237891.147 5743527804.
