    unsorted:	 171.3472991 171.3472991 171.3472991 559.7319486 514.2327203 495.4820362 597.2471439 626.3015265 438.5031838 367.4328734 187.6316845 912.4206215 136.7259852 1113.105084 1286.210193 1528.135723 1731.509442 1969.243521 2169.185366 2222.568509 2402.524649 0.3754352542 3148.945666 3816.017232 3838.521951 3949.160066 4334.876170 4825.438607 4683.977624 5103.634528 5410.884081 5971.099721 6812.390257 7499.364329 10434.30269 11698.91808 12294.03664 15489.49833 16278.74080 37185.22934 43434.17314 67434.71357 92617.70260 127365.4988 178931.2574 278742.4228 1437833.693
      sorted:	 0.3754352542 136.7259852 171.3472991 171.3472991 171.3472991 187.6316845 367.4328734 438.5031838 495.4820362 514.2327203 559.7319486 597.2471439 626.3015265 912.4206215 1113.105084 1286.210193 1528.135723 1731.509442 1969.243521 2169.185366 2222.568509 2402.524649 3148.945666 3816.017232 3838.521951 3949.160066 4334.876170 4683.977624 4825.438607 5103.634528 5410.884081 5971.099721 6812.390257 7499.364329 10434.30269 11698.91808 12294.03664 15489.49833 16278.74080 37185.22934 43434.17314 67434.71357 92617.70260 127365.4988 178931.2574 278742.4228 1437833.693
