    unsorted:	 1721.173160 1703.008699 1755.143060 1799.416216 2010.957152 1286.648753 1387.380275 1220.266518 1041.155320 1009.711176 2215.082571 834.0483872 654.7389501 358.4442399 266.0151899 2678.617667 2917.814893 2989.192160 3122.732292 0.6257970537 160.8407603 3359.458205 3684.248575 5066.002172 5591.214917 7130.948374 7950.139918 10597.77047 13699.23133 16223.76914 16750.32778 17747.17216 17663.41062 21113.31678 26710.79977 35075.51375 34935.73956 41541.30054 43436.64111 56810.80283 78941.74146 95349.17756 101512.3214 229495.9125 268338.4771 291603.5489 1042053.781 4748204.408 1.010130612e+11
      sorted:	 0.6257970537 160.8407603 266.0151899 358.4442399 654.7389501 834.0483872 1009.711176 1041.155320 1220.266518 1286.648753 1387.380275 1703.008699 1721.173160 1755.143060 1799.416216 2010.957152 2215.082571 2678.617667 2917.814893 2989.192160 3122.732292 3359.458205 3684.248575 5066.002172 5591.214917 7130.948374 7950.139918 10597.77047 13699.23133 16223.76914 16750.32778 17663.41062 17747.17216 21113.31678 26710.79977 34935.73956 35075.51375 41541.30054 43436.64111 56810.80283 78941.74146 95349.17756 101512.3214 229495.9125 268338.4771 291603.5489 1042053.781 4748204.408 1.010130612e+11
