    unsorted:	 1986.609851 1957.155673 1918.533076 2126.493501 2271.739678 1532.717526 1683.434043 1409.566335 1311.716850 1074.805049 1004.123161 2473.279542 579.7132788 354.4479605 257.1436363 0.1258886177 51.47986327 3294.776454 3409.449289 3758.818137 3954.042591 4133.163668 5212.080206 5730.916728 7921.155814 10174.40929 13763.76916 16383.18719 19318.53098 20838.75020 21169.34843 23906.09662 25508.10243 30386.04761 32093.06801 32403.63023 35072.39007 45916.86601 47096.21164 52645.36667 60553.99159 75225.92854 80021.58571 84588.23746 131126.7029 166943.5414 240721.5856 1619576.593 6217829.837
      sorted:	 0.1258886177 51.47986327 257.1436363 354.4479605 579.7132788 1004.123161 1074.805049 1311.716850 1409.566335 1532.717526 1683.434043 1918.533076 1957.155673 1986.609851 2126.493501 2271.739678 2473.279542 3294.776454 3409.449289 3758.818137 3954.042591 4133.163668 5212.080206 5730.916728 7921.155814 10174.40929 13763.76916 16383.18719 19318.53098 20838.75020 21169.34843 23906.09662 25508.10243 30386.04761 32093.06801 32403.63023 35072.39007 45916.86601 47096.21164 52645.36667 60553.99159 75225.92854 80021.58571 84588.23746 131126.7029 166943.5414 240721.5856 1619576.593 6217829.837
