    unsorted:	 1036.835955 1035.451143 1039.240267 1024.875495 1022.264223 1017.996429 1052.062419 1053.468871 1078.526013 1074.883753 1071.988862 1082.568126 1088.429518 1098.240645 1008.770953 1002.178331 1003.084874 996.9011794 1109.247165 992.4478580 1115.977130 1130.991192 1135.887888 1137.442007 1143.185673 1149.098326 1155.329011 987.3865126 1162.886116 976.2135009 1202.036594 1210.510889 1212.490406 1226.177824 1232.431803 1244.046981 1252.244969 950.6036512 937.5483082 1262.133298 1279.724599 927.1209876 1292.299451 1295.268792 915.1878369 1323.643314 880.4559171 1364.920429 1392.003375 1419.986699 826.8054332 1454.844823 1467.910091 1482.245205 1495.573525 1520.566857 768.3382033 1585.745134 1679.014431 1709.591469 1729.314224 1742.884480 1802.253619 511.9453855 1903.068463 1979.780527 2033.418468 348.6481354 2117.446342 257.1801971 237.1163898 2259.469023 2303.168053 2330.711530 2431.768743 83.51025265 1.886397650 2619.105620 2730.437528 2834.296557 2943.832700 3086.315327 -741.9691142 3606.333622 4111.210999 4241.291050 4434.597499 4816.259452 5018.613644 5483.792080 7504.187626 7831.977829 9034.878889 15291.34491 20457.64656 21145.72496 26856.32160 27056.50590 28236.75736 30852.99306 33360.97430 36088.72936 37890.27932 44361.51963 47160.53659 49392.11870 52236.67310 63135.17858 64095.64531 75101.07475 82591.93676 118569.4941 126606.9533 202116.3862 215483.9844 237328.7842 4964907.235 170143364.4 -2.536312169e+10 7.357235924e+12
      sorted:	 -2.536312169e+10 -741.9691142 1.886397650 83.51025265 237.1163898 257.1801971 348.6481354 511.9453855 768.3382033 826.8054332 880.4559171 915.1878369 927.1209876 937.5483082 950.6036512 976.2135009 987.3865126 992.4478580 996.9011794 1002.178331 1003.084874 1008.770953 1017.996429 1022.264223 1024.875495 1035.451143 1036.835955 1039.240267 1052.062419 1053.468871 1071.988862 1074.883753 1078.526013 1082.568126 1088.429518 1098.240645 1109.247165 1115.977130 1130.991192 1135.887888 1137.442007 1143.185673 1149.098326 1155.329011 1162.886116 1202.036594 1210.510889 1212.490406 1226.177824 1232.431803 1244.046981 1252.244969 1262.133298 1279.724599 1292.299451 1295.268792 1323.643314 1364.920429 1392.003375 1419.986699 1454.844823 1467.910091 1482.245205 1495.573525 1520.566857 1585.745134 1679.014431 1709.591469 1729.314224 1742.884480 1802.253619 1903.068463 1979.780527 2033.418468 2117.446342 2259.469023 2303.168053 2330.711530 2431.768743 2619.105620 2730.437528 2834.296557 2943.832700 3086.315327 3606.333622 4111.210999 4241.291050 4434.597499 4816.259452 5018.613644 5483.792080 7504.187626 7831.977829 9034.878889 15291.34491 20457.64656 21145.72496 26856.32160 27056.50590 28236.75736 30852.99306 33360.97430 36088.72936 37890.27932 44361.51963 47160.53659 49392.11870 52236.67310 63135.17858 64095.64531 75101.07475 82591.93676 118569.4941 126606.9533 202116.3862 215483.9844 237328.7842 4964907.235 170143364.4 7.357235924e+12
