    unsorted:	 171.3472991 171.3472991 171.3472991 488.4014233 505.9835022 528.3129174 581.0149699 639.1980838 375.6240007 189.9150282 907.2424439 1263.572245 1224.486514 1508.738204 1547.051710 1743.213324 0.5358406257 0.4537586992 2076.722870 2188.809932 2384.021144 2915.198416 3729.545102 3776.720340 3879.034145 4237.206414 4615.989511 4747.746219 5045.293861 5358.487973 5957.431283 6285.360135 7216.352805 7619.728738 10510.88826 12112.58178 14558.76352 15246.67497 18728.75614 36093.48806 41479.73795 67981.33038 125891.8735 196335.3810 293361.2379 535129.4412 1640203.653
      sorted:	 0.4537586992 0.5358406257 171.3472991 171.3472991 171.3472991 189.9150282 375.6240007 488.4014233 505.9835022 528.3129174 581.0149699 639.1980838 907.2424439 1224.486514 1263.572245 1508.738204 1547.051710 1743.213324 2076.722870 2188.809932 2384.021144 2915.198416 3729.545102 3776.720340 3879.034145 4237.206414 4615.989511 4747.746219 5045.293861 5358.487973 5957.431283 6285.360135 7216.352805 7619.728738 10510.88826 12112.58178 14558.76352 15246.67497 18728.75614 36093.48806 41479.73795 67981.33038 125891.8735 196335.3810 293361.2379 535129.4412 1640203.653
