    unsorted:	 171.3472991 171.3472991 171.3472991 502.1157767 531.3426485 474.6252658 384.9092685 659.8124012 684.7634486 194.1581376 1082.874722 0.7541848827 0.4634739052 1239.933238 1299.137917 1551.726788 1845.288330 1901.864723 2206.658099 2300.623222 2393.064179 3397.379383 3874.684646 4256.912500 4350.735262 4875.806903 5480.600092 5822.712654 5954.589116 6129.155587 6345.529123 7361.074971 7272.283754 8528.497971 11916.20615 17341.95774 17583.97874 20070.03794 36081.51562 41938.26029 52547.62507 66982.08285 137811.5670 203074.7069 309563.0107 676511.3103 3009979.508
      sorted:	 0.4634739052 0.7541848827 171.3472991 171.3472991 171.3472991 194.1581376 384.9092685 474.6252658 502.1157767 531.3426485 659.8124012 684.7634486 1082.874722 1239.933238 1299.137917 1551.726788 1845.288330 1901.864723 2206.658099 2300.623222 2393.064179 3397.379383 3874.684646 4256.912500 4350.735262 4875.806903 5480.600092 5822.712654 5954.589116 6129.155587 6345.529123 7272.283754 7361.074971 8528.497971 11916.20615 17341.95774 17583.97874 20070.03794 36081.51562 41938.26029 52547.62507 66982.08285 137811.5670 203074.7069 309563.0107 676511.3103 3009979.508
