    unsorted:	 1971.460102 1988.074954 1883.984840 2123.549382 2267.418209 1532.314887 1641.281437 1417.958863 1366.177582 1089.259086 1004.703422 2468.010143 633.5668661 354.2113677 256.9334088 0.1234179018 44.84906563 3271.232803 3392.417499 3738.226832 3924.270962 4147.343611 5137.252148 5703.697174 9693.402695 12418.81858 15851.44513 19186.47157 20229.76743 20884.24255 21351.97706 24352.23505 25677.75813 30133.47111 31350.94329 32720.93777 35067.07752 42819.02036 45747.37950 48824.93166 52855.51280 57842.14077 76727.14306 84032.70051 131514.8577 166909.4280 240698.2926 1558261.624 6142488.898
      sorted:	 0.1234179018 44.84906563 256.9334088 354.2113677 633.5668661 1004.703422 1089.259086 1366.177582 1417.958863 1532.314887 1641.281437 1883.984840 1971.460102 1988.074954 2123.549382 2267.418209 2468.010143 3271.232803 3392.417499 3738.226832 3924.270962 4147.343611 5137.252148 5703.697174 9693.402695 12418.81858 15851.44513 19186.47157 20229.76743 20884.24255 21351.97706 24352.23505 25677.75813 30133.47111 31350.94329 32720.93777 35067.07752 42819.02036 45747.37950 48824.93166 52855.51280 57842.14077 76727.14306 84032.70051 131514.8577 166909.4280 240698.2926 1558261.624 6142488.898
