    unsorted:	 1322.882681 1227.967615 1278.803835 1419.365971 1495.496276 1542.779469 1112.677895 1087.295124 997.8539193 975.1384874 1628.434193 1729.036882 1805.115732 791.4379329 1854.755757 728.8003026 1975.160732 625.2029248 602.9843224 2082.184429 2186.569470 429.1579526 2228.706587 310.8519928 240.4395877 174.2262281 193.6933756 2401.913394 2607.864103 3933.617830 4869.375960 5921.054365 7163.750245 8743.457177 10056.33313 10556.59847 11208.60914 11693.11155 13056.08883 15289.59591 18339.42696 21717.54627 35053.93225 86472.26053 108536.8758 274487.6234 293788.6717 328573.2888 637278.8024
      sorted:	 174.2262281 193.6933756 240.4395877 310.8519928 429.1579526 602.9843224 625.2029248 728.8003026 791.4379329 975.1384874 997.8539193 1087.295124 1112.677895 1227.967615 1278.803835 1322.882681 1419.365971 1495.496276 1542.779469 1628.434193 1729.036882 1805.115732 1854.755757 1975.160732 2082.184429 2186.569470 2228.706587 2401.913394 2607.864103 3933.617830 4869.375960 5921.054365 7163.750245 8743.457177 10056.33313 10556.59847 11208.60914 11693.11155 13056.08883 15289.59591 18339.42696 21717.54627 35053.93225 86472.26053 108536.8758 274487.6234 293788.6717 328573.2888 637278.8024
