    unsorted:	 1928.936833 1937.459939 1971.354039 1982.313184 2148.473825 2287.346090 1412.076192 1669.941132 1339.736993 2534.301318 1090.619553 1017.611891 2694.257148 674.8573261 176.9697583 249.2478202 93.15517896 73.18498798 0.1181154802 3387.080100 3494.404428 3906.215347 4010.142108 4384.735228 5101.103028 5992.015892 6360.090574 7018.178558 10742.76758 13844.95124 16737.90071 17748.50594 19898.70973 21111.87957 22082.49009 24585.80193 28415.67920 32551.78408 33444.03062 35066.44598 36653.97457 47110.62308 50013.02502 57303.67880 60358.31766 76159.18753 81132.25138 95329.79087 132017.1710 168351.9075 241466.4290 1974328.587 7572292.741
      sorted:	 0.1181154802 73.18498798 93.15517896 176.9697583 249.2478202 674.8573261 1017.611891 1090.619553 1339.736993 1412.076192 1669.941132 1928.936833 1937.459939 1971.354039 1982.313184 2148.473825 2287.346090 2534.301318 2694.257148 3387.080100 3494.404428 3906.215347 4010.142108 4384.735228 5101.103028 5992.015892 6360.090574 7018.178558 10742.76758 13844.95124 16737.90071 17748.50594 19898.70973 21111.87957 22082.49009 24585.80193 28415.67920 32551.78408 33444.03062 35066.44598 36653.97457 47110.62308 50013.02502 57303.67880 60358.31766 76159.18753 81132.25138 95329.79087 132017.1710 168351.9075 241466.4290 1974328.587 7572292.741
