    unsorted:	 0.006505048696 0.004997467087 0.2077621896 -0.5680071137 171.2668491 252.9993707 330.0833734 392.2408750 569.8321083 600.5042091 940.5442209 836.3574412 897.1886042 1105.336810 1377.935208 1443.621963 1531.157047 1629.975118 1648.758867 1718.014188 1777.022452 2064.562385 2364.834209 2765.297062 3575.450161 4094.459215 4513.262327 4425.711562 6281.457519 7555.255130 8096.986499 8203.541882 11087.73302 12268.23215 17409.52511 20109.54390 -12796.11530 28874.75561 35060.88809 34201.02410 44070.30254 60388.08576 67167.72543 79342.82197 84423.94261 158954.2704 243501.4359 3807968.389 3.212585055e+10
      sorted:	 -12796.11530 -0.5680071137 0.004997467087 0.006505048696 0.2077621896 171.2668491 252.9993707 330.0833734 392.2408750 569.8321083 600.5042091 836.3574412 897.1886042 940.5442209 1105.336810 1377.935208 1443.621963 1531.157047 1629.975118 1648.758867 1718.014188 1777.022452 2064.562385 2364.834209 2765.297062 3575.450161 4094.459215 4425.711562 4513.262327 6281.457519 7555.255130 8096.986499 8203.541882 11087.73302 12268.23215 17409.52511 20109.54390 28874.75561 34201.02410 35060.88809 44070.30254 60388.08576 67167.72543 79342.82197 84423.94261 158954.2704 243501.4359 3807968.389 3.212585055e+10
