    unsorted:	 1709.823794 1693.247486 1746.944842 1752.978696 1598.059793 1327.212132 1193.069893 1157.126454 1010.123342 981.0741879 2014.270885 2196.668728 744.1754090 365.9737324 270.7394726 65.12545308 2743.242053 3008.442869 3201.582466 3638.348131 4048.930598 4436.166117 4854.831659 6110.618541 8736.986215 12831.68403 17928.50235 18207.79387 18757.28457 16584.81940 20509.54924 22442.39041 25789.43710 27166.14417 29013.73922 35078.06226 44185.27902 48444.67588 59186.17394 64406.50427 79231.62949 90149.73075 122811.3371 129942.9271 138173.0578 169039.3115 241521.5017 6969053.726 4592135816.
      sorted:	 65.12545308 270.7394726 365.9737324 744.1754090 981.0741879 1010.123342 1157.126454 1193.069893 1327.212132 1598.059793 1693.247486 1709.823794 1746.944842 1752.978696 2014.270885 2196.668728 2743.242053 3008.442869 3201.582466 3638.348131 4048.930598 4436.166117 4854.831659 6110.618541 8736.986215 12831.68403 16584.81940 17928.50235 18207.79387 18757.28457 20509.54924 22442.39041 25789.43710 27166.14417 29013.73922 35078.06226 44185.27902 48444.67588 59186.17394 64406.50427 79231.62949 90149.73075 122811.3371 129942.9271 138173.0578 169039.3115 241521.5017 6969053.726 4592135816.
