    unsorted:	 1845.026288 1811.130826 1696.941918 1595.061617 1530.900482 1479.060274 1356.997226 1349.598618 1255.417336 1922.559097 1182.775278 1115.748475 1013.061937 2019.923685 911.4394055 824.0896875 684.6801925 629.9199833 625.6719484 2127.906758 2173.869607 2218.672886 454.4523670 325.0125614 246.1797720 202.0910554 176.3772751 2426.296082 2742.334589 4269.637433 4408.131260 5697.917411 6617.361715 9853.082823 10942.66135 11230.43384 12100.53333 12670.64526 13756.78603 14497.41817 18078.61725 21613.83450 35067.51377 80978.27044 103599.1799 224197.2962 242980.5772 264030.9828 637341.4687
      sorted:	 176.3772751 202.0910554 246.1797720 325.0125614 454.4523670 625.6719484 629.9199833 684.6801925 824.0896875 911.4394055 1013.061937 1115.748475 1182.775278 1255.417336 1349.598618 1356.997226 1479.060274 1530.900482 1595.061617 1696.941918 1811.130826 1845.026288 1922.559097 2019.923685 2127.906758 2173.869607 2218.672886 2426.296082 2742.334589 4269.637433 4408.131260 5697.917411 6617.361715 9853.082823 10942.66135 11230.43384 12100.53333 12670.64526 13756.78603 14497.41817 18078.61725 21613.83450 35067.51377 80978.27044 103599.1799 224197.2962 242980.5772 264030.9828 637341.4687
