    unsorted:	 1459.728041 1492.124820 1627.380868 1666.441773 1714.336910 1794.404368 1891.718289 1933.181387 2042.858925 1313.144425 1184.906994 1101.882087 1084.176574 913.8045635 2281.560780 2340.757900 2384.621224 2458.562016 2613.528323 2668.349050 728.8085107 685.3622864 526.2456919 433.6272635 367.1085506 259.7573832 221.5678370 182.1804431 2884.183334 3218.711601 5083.776918 7175.325608 10238.02049 11816.64914 12117.98087 12914.83029 14005.17246 15242.47728 19284.62762 26120.67801 27616.76112 35084.39516 33610.20562 75014.80791 99522.09339 164707.6112 209313.2195 255847.7438 1022093.859
      sorted:	 182.1804431 221.5678370 259.7573832 367.1085506 433.6272635 526.2456919 685.3622864 728.8085107 913.8045635 1084.176574 1101.882087 1184.906994 1313.144425 1459.728041 1492.124820 1627.380868 1666.441773 1714.336910 1794.404368 1891.718289 1933.181387 2042.858925 2281.560780 2340.757900 2384.621224 2458.562016 2613.528323 2668.349050 2884.183334 3218.711601 5083.776918 7175.325608 10238.02049 11816.64914 12117.98087 12914.83029 14005.17246 15242.47728 19284.62762 26120.67801 27616.76112 33610.20562 35084.39516 75014.80791 99522.09339 164707.6112 209313.2195 255847.7438 1022093.859
