    unsorted:	 986.5255034 986.7801530 985.7977072 987.8992351 990.1972446 983.9567589 992.0486790 997.2680260 999.8543443 1001.753772 1002.710146 981.3279011 979.5536224 1009.258901 1025.349175 1024.804646 1028.905363 1018.393453 1030.648198 1034.210935 1039.331742 971.1750751 1045.518895 968.2366131 964.9345939 1051.930088 1064.382126 959.3762268 1074.200510 1075.803899 1078.517586 1086.233577 1091.153713 1096.462143 1099.469865 1108.270702 1110.806195 1126.603088 1134.831313 1141.731079 1144.543445 1151.285004 1152.907757 930.9528120 1199.952265 1200.786289 884.6505775 1231.702106 1242.615627 1256.902284 849.4385998 835.1224702 828.0258984 1288.173770 1308.590475 1323.228485 1325.039598 1338.665660 1347.348153 815.1688469 1357.878845 1386.827545 1398.267765 758.6855095 1496.101816 1497.567518 1568.203782 1610.405519 601.3234654 1652.408520 1747.079558 1789.939333 1820.008248 332.6156614 326.4623483 0.005159836367 0.009457039941 249.9645701 1962.802707 0.5360957607 0.3485352577 2005.150527 -9.846328585 2151.441280 2144.160804 2175.888919 2301.109455 2360.964280 2471.147677 2526.783286 2727.960536 2977.061073 3175.553810 3264.606456 3291.107468 3687.083499 4370.602175 4729.949685 5250.268896 5615.283613 6184.749739 6586.535558 7330.824474 9445.093568 19906.26360 23393.36626 35453.06650 40949.56117 45812.94785 55807.20037 72888.48372 148249.2079 180955.5141 621744.0046 1173750.973 2944953.642
      sorted:	 -9.846328585 0.005159836367 0.009457039941 0.3485352577 0.5360957607 249.9645701 326.4623483 332.6156614 601.3234654 758.6855095 815.1688469 828.0258984 835.1224702 849.4385998 884.6505775 930.9528120 959.3762268 964.9345939 968.2366131 971.1750751 979.5536224 981.3279011 983.9567589 985.7977072 986.5255034 986.7801530 987.8992351 990.1972446 992.0486790 997.2680260 999.8543443 1001.753772 1002.710146 1009.258901 1018.393453 1024.804646 1025.349175 1028.905363 1030.648198 1034.210935 1039.331742 1045.518895 1051.930088 1064.382126 1074.200510 1075.803899 1078.517586 1086.233577 1091.153713 1096.462143 1099.469865 1108.270702 1110.806195 1126.603088 1134.831313 1141.731079 1144.543445 1151.285004 1152.907757 1199.952265 1200.786289 1231.702106 1242.615627 1256.902284 1288.173770 1308.590475 1323.228485 1325.039598 1338.665660 1347.348153 1357.878845 1386.827545 1398.267765 1496.101816 1497.567518 1568.203782 1610.405519 1652.408520 1747.079558 1789.939333 1820.008248 1962.802707 2005.150527 2144.160804 2151.441280 2175.888919 2301.109455 2360.964280 2471.147677 2526.783286 2727.960536 2977.061073 3175.553810 3264.606456 3291.107468 3687.083499 4370.602175 4729.949685 5250.268896 5615.283613 6184.749739 6586.535558 7330.824474 9445.093568 19906.26360 23393.36626 35453.06650 40949.56117 45812.94785 55807.20037 72888.48372 148249.2079 180955.5141 621744.0046 1173750.973 2944953.642
