    unsorted:	 171.3472991 171.3472991 171.3472991 151.1058850 144.5284418 184.5733617 542.3244434 500.7921101 576.5478485 439.7333831 366.0866971 632.9788088 934.6701376 5.424730110 0.3454920397 1154.113817 1249.111553 1349.932340 1616.814973 1836.584065 2130.137720 2283.934388 2490.259412 2707.685601 4055.091542 3862.786537 4429.792294 4646.588648 5033.149842 5152.101257 5366.470837 5623.477248 7287.162142 9138.980890 10957.22846 10652.91781 12396.16218 14510.08815 14840.90025 40912.37287 39468.81133 70244.00731 97065.13380 121673.8721 167575.3240 244538.0952 1390156.326
      sorted:	 0.3454920397 5.424730110 144.5284418 151.1058850 171.3472991 171.3472991 171.3472991 184.5733617 366.0866971 439.7333831 500.7921101 542.3244434 576.5478485 632.9788088 934.6701376 1154.113817 1249.111553 1349.932340 1616.814973 1836.584065 2130.137720 2283.934388 2490.259412 2707.685601 3862.786537 4055.091542 4429.792294 4646.588648 5033.149842 5152.101257 5366.470837 5623.477248 7287.162142 9138.980890 10652.91781 10957.22846 12396.16218 14510.08815 14840.90025 39468.81133 40912.37287 70244.00731 97065.13380 121673.8721 167575.3240 244538.0952 1390156.326
