    unsorted:	 1999.643765 2198.859919 2206.671306 2130.319413 1698.347145 1737.044133 1626.355866 1565.494398 1436.311935 2473.453570 1012.450974 2707.185453 0.1458367124 0.5232425432 401.1330319 474.4654056 3195.944886 188.1352246 3509.293923 3741.027595 3911.279581 7066.085698 8286.902396 14579.94222 13269.85217 16562.55999 18937.42090 19190.77081 22632.69086 25869.48375 35017.05775 37596.81303 40108.85971 45942.79577 55500.70999 61371.37425 67332.56560 69870.17903 75363.77152 80060.17162 89815.56793 122973.3963 132567.6727 191120.7950 229134.4305 239926.1379 350706.3676 1986362.804 31637045.17
      sorted:	 0.1458367124 0.5232425432 188.1352246 401.1330319 474.4654056 1012.450974 1436.311935 1565.494398 1626.355866 1698.347145 1737.044133 1999.643765 2130.319413 2198.859919 2206.671306 2473.453570 2707.185453 3195.944886 3509.293923 3741.027595 3911.279581 7066.085698 8286.902396 13269.85217 14579.94222 16562.55999 18937.42090 19190.77081 22632.69086 25869.48375 35017.05775 37596.81303 40108.85971 45942.79577 55500.70999 61371.37425 67332.56560 69870.17903 75363.77152 80060.17162 89815.56793 122973.3963 132567.6727 191120.7950 229134.4305 239926.1379 350706.3676 1986362.804 31637045.17
