    unsorted:	 1933.133119 1909.900193 1881.715301 1986.597149 2066.844592 2289.045417 2352.241051 1518.867160 1398.892902 1272.335251 1051.697332 998.8820103 540.1405865 353.1107767 256.5265083 0.1239683980 5.497357656 74.35452089 3351.883626 3458.973354 4012.316732 3959.582068 4449.124302 4829.062000 5732.577678 6141.422140 10822.73409 14042.71971 16942.57925 17822.20646 19517.76252 22106.14706 24652.37208 28499.72308 35069.57697 33988.06908 37300.60149 39899.02541 44794.60426 47800.14988 56917.01084 58343.72039 74772.96548 81260.86987 91232.16819 140181.7282 168144.1739 240152.7693 1735023.565 6694371.312
      sorted:	 0.1239683980 5.497357656 74.35452089 256.5265083 353.1107767 540.1405865 998.8820103 1051.697332 1272.335251 1398.892902 1518.867160 1881.715301 1909.900193 1933.133119 1986.597149 2066.844592 2289.045417 2352.241051 3351.883626 3458.973354 3959.582068 4012.316732 4449.124302 4829.062000 5732.577678 6141.422140 10822.73409 14042.71971 16942.57925 17822.20646 19517.76252 22106.14706 24652.37208 28499.72308 33988.06908 35069.57697 37300.60149 39899.02541 44794.60426 47800.14988 56917.01084 58343.72039 74772.96548 81260.86987 91232.16819 140181.7282 168144.1739 240152.7693 1735023.565 6694371.312
