    unsorted:	 1888.677067 1899.757656 1959.882190 1778.041374 1738.935439 1678.497796 2157.075744 2172.603092 1327.922082 1349.591030 1028.375258 896.8357019 815.4256429 2880.991578 3041.236006 336.8397693 320.6699070 512.6970195 226.8258276 124.9118822 3471.823143 3463.783769 3291.488920 3630.584368 4501.705413 5476.930714 8019.121520 9472.285072 11143.17467 12366.42544 14822.64523 20366.45749 21615.96385 22559.24540 25001.59710 26730.80262 30676.08397 35088.43471 34153.41398 39856.31297 46667.26590 55011.31096 63088.68760 77618.50622 121852.9700 137062.3701 184071.8754 248731.4925 3232921.684
      sorted:	 124.9118822 226.8258276 320.6699070 336.8397693 512.6970195 815.4256429 896.8357019 1028.375258 1327.922082 1349.591030 1678.497796 1738.935439 1778.041374 1888.677067 1899.757656 1959.882190 2157.075744 2172.603092 2880.991578 3041.236006 3291.488920 3463.783769 3471.823143 3630.584368 4501.705413 5476.930714 8019.121520 9472.285072 11143.17467 12366.42544 14822.64523 20366.45749 21615.96385 22559.24540 25001.59710 26730.80262 30676.08397 34153.41398 35088.43471 39856.31297 46667.26590 55011.31096 63088.68760 77618.50622 121852.9700 137062.3701 184071.8754 248731.4925 3232921.684
