    unsorted:	 1893.963771 1984.988786 1958.348002 1824.855322 2146.940631 2294.874386 1533.804878 1409.084878 1313.858135 1075.901442 1007.194602 2484.537864 586.3548601 354.6549344 257.2481260 0.1133149580 65.40875198 27.90004172 3317.689998 3457.769871 3901.000371 3980.115456 4365.809643 5194.313596 5714.798898 8980.459124 10207.97912 12949.92923 16234.87004 18281.91606 20054.78677 21945.57877 24002.16998 27275.44279 30582.73031 33041.74044 35072.82005 39281.77194 39617.26390 44099.52438 48708.32578 49611.35886 55317.29378 63367.53286 85042.50493 100489.8208 166883.8449 239860.5384 1667202.497 6895579.681
      sorted:	 0.1133149580 27.90004172 65.40875198 257.2481260 354.6549344 586.3548601 1007.194602 1075.901442 1313.858135 1409.084878 1533.804878 1824.855322 1893.963771 1958.348002 1984.988786 2146.940631 2294.874386 2484.537864 3317.689998 3457.769871 3901.000371 3980.115456 4365.809643 5194.313596 5714.798898 8980.459124 10207.97912 12949.92923 16234.87004 18281.91606 20054.78677 21945.57877 24002.16998 27275.44279 30582.73031 33041.74044 35072.82005 39281.77194 39617.26390 44099.52438 48708.32578 49611.35886 55317.29378 63367.53286 85042.50493 100489.8208 166883.8449 239860.5384 1667202.497 6895579.681
