    unsorted:	 1822.995074 1795.305971 1711.920811 1680.407920 2014.134178 2065.931686 2088.062157 1558.817472 2217.904903 2338.831463 1254.715539 1209.754510 0.1434195049 0.5928579568 0.7428660105 439.3996355 554.8060617 3027.998189 3856.599010 4705.765809 7576.350283 8720.628201 10036.85058 12721.29196 14409.51751 14903.46025 16091.77598 17520.59730 20691.49537 24882.43965 28489.30120 34967.02663 33814.73077 43882.46552 58035.40550 66695.27031 76669.29485 78243.33147 95340.39000 143413.5860 161238.3681 187031.1795 239073.6427 298064.4877 421640.8469 1111145.525 1477745.851 3268474.062 383628013.8
      sorted:	 0.1434195049 0.5928579568 0.7428660105 439.3996355 554.8060617 1209.754510 1254.715539 1558.817472 1680.407920 1711.920811 1795.305971 1822.995074 2014.134178 2065.931686 2088.062157 2217.904903 2338.831463 3027.998189 3856.599010 4705.765809 7576.350283 8720.628201 10036.85058 12721.29196 14409.51751 14903.46025 16091.77598 17520.59730 20691.49537 24882.43965 28489.30120 33814.73077 34967.02663 43882.46552 58035.40550 66695.27031 76669.29485 78243.33147 95340.39000 143413.5860 161238.3681 187031.1795 239073.6427 298064.4877 421640.8469 1111145.525 1477745.851 3268474.062 383628013.8
