    unsorted:	 1913.686076 1797.438743 1838.170876 1744.721963 1979.899060 1677.259722 1343.832507 1389.955349 2180.893590 2210.644973 1048.988358 931.1367227 833.6763933 320.6943863 341.5688615 236.0083795 181.1099449 95.62239638 3090.556967 3177.726699 3527.088930 3695.238167 3918.031915 4231.562353 4982.251948 5347.550196 8199.719068 9583.921026 12105.63313 12862.81785 14557.55164 15794.72332 21283.35692 23037.49026 24445.75046 28370.87987 35083.34214 34383.91549 37519.62871 41220.71213 49345.76132 60622.84294 68290.84464 78646.34202 123627.9049 152342.2675 198695.9554 251296.9227 3621670.375
      sorted:	 95.62239638 181.1099449 236.0083795 320.6943863 341.5688615 833.6763933 931.1367227 1048.988358 1343.832507 1389.955349 1677.259722 1744.721963 1797.438743 1838.170876 1913.686076 1979.899060 2180.893590 2210.644973 3090.556967 3177.726699 3527.088930 3695.238167 3918.031915 4231.562353 4982.251948 5347.550196 8199.719068 9583.921026 12105.63313 12862.81785 14557.55164 15794.72332 21283.35692 23037.49026 24445.75046 28370.87987 34383.91549 35083.34214 37519.62871 41220.71213 49345.76132 60622.84294 68290.84464 78646.34202 123627.9049 152342.2675 198695.9554 251296.9227 3621670.375
