    unsorted:	 1766.786404 1806.128647 1729.872737 1697.293702 1618.675329 1936.479821 1972.191039 1978.439664 1460.837719 1378.797822 1266.719803 1187.717788 1026.811765 2355.112648 2428.326675 2543.821354 2570.838099 2739.438667 799.3403231 745.8848949 631.6761902 2842.431143 293.5728378 277.6367028 430.5558930 239.2377762 191.1935929 3279.655368 3312.124302 3775.734423 6199.542607 7557.768993 11525.76178 12189.13533 13507.43640 15459.13611 16541.05916 17081.48830 22275.51476 29911.86728 35092.55038 35456.85384 47108.74896 72910.59780 95876.18772 143687.0043 190173.8324 247739.1100 1349208.059
      sorted:	 191.1935929 239.2377762 277.6367028 293.5728378 430.5558930 631.6761902 745.8848949 799.3403231 1026.811765 1187.717788 1266.719803 1378.797822 1460.837719 1618.675329 1697.293702 1729.872737 1766.786404 1806.128647 1936.479821 1972.191039 1978.439664 2355.112648 2428.326675 2543.821354 2570.838099 2739.438667 2842.431143 3279.655368 3312.124302 3775.734423 6199.542607 7557.768993 11525.76178 12189.13533 13507.43640 15459.13611 16541.05916 17081.48830 22275.51476 29911.86728 35092.55038 35456.85384 47108.74896 72910.59780 95876.18772 143687.0043 190173.8324 247739.1100 1349208.059
