    unsorted:	 1990.100110 1967.588299 2025.248572 2089.200622 1867.716221 1763.181531 2315.485470 1408.371328 1519.716007 1026.064379 1173.834176 966.0018566 2499.018595 347.7628195 366.9814484 257.1669248 0.1198806854 0.6834128520 3499.269597 3448.182954 4094.696098 4108.921688 4965.576311 6377.165349 7710.299638 13378.37900 15182.44692 17859.98323 17473.28956 20066.62503 22784.76020 28479.71368 37186.50302 34449.20737 40006.83457 41235.63837 43588.61804 52576.79774 56909.53374 59399.22682 69233.42978 87015.54345 101882.1750 160905.4531 217854.4089 1587310.972 6081293.650
      sorted:	 0.1198806854 0.6834128520 257.1669248 347.7628195 366.9814484 966.0018566 1026.064379 1173.834176 1408.371328 1519.716007 1763.181531 1867.716221 1967.588299 1990.100110 2025.248572 2089.200622 2315.485470 2499.018595 3448.182954 3499.269597 4094.696098 4108.921688 4965.576311 6377.165349 7710.299638 13378.37900 15182.44692 17473.28956 17859.98323 20066.62503 22784.76020 28479.71368 34449.20737 37186.50302 40006.83457 41235.63837 43588.61804 52576.79774 56909.53374 59399.22682 69233.42978 87015.54345 101882.1750 160905.4531 217854.4089 1587310.972 6081293.650
