    unsorted:	 2017.507946 1969.315910 1940.739480 2069.409789 2138.217193 2317.205185 1766.639705 1537.354893 1408.557291 1199.181600 1028.114757 972.5741761 2498.628394 345.8157585 364.3685922 257.8045508 0.1162128801 0.7399850249 3501.704016 3448.028476 4094.313677 4111.587862 4965.903433 6412.960466 7712.403428 13388.96364 15181.98574 17813.89130 17458.43636 20002.89128 22743.95471 28450.31264 31697.13668 37184.15651 39850.59495 40870.35833 43448.43608 52649.40233 56951.03977 59457.60581 69187.20090 87272.27551 101879.5780 160464.4962 217714.3904 1536254.318 6068572.936
      sorted:	 0.1162128801 0.7399850249 257.8045508 345.8157585 364.3685922 972.5741761 1028.114757 1199.181600 1408.557291 1537.354893 1766.639705 1940.739480 1969.315910 2017.507946 2069.409789 2138.217193 2317.205185 2498.628394 3448.028476 3501.704016 4094.313677 4111.587862 4965.903433 6412.960466 7712.403428 13388.96364 15181.98574 17458.43636 17813.89130 20002.89128 22743.95471 28450.31264 31697.13668 37184.15651 39850.59495 40870.35833 43448.43608 52649.40233 56951.03977 59457.60581 69187.20090 87272.27551 101879.5780 160464.4962 217714.3904 1536254.318 6068572.936
