    unsorted:	 2069.446996 1987.420168 1956.592144 2164.013316 1847.985043 2300.195312 1535.080121 1417.219222 1367.651444 2493.444065 1088.974487 1012.765296 635.5018762 353.7073377 256.5012238 0.09868005804 4.731299976 3484.077899 3473.266010 4137.706808 4172.863858 5171.160300 6512.116136 9493.585818 14007.42699 16630.69741 19224.73181 20701.01025 22124.97030 24534.13201 27812.23483 30992.62971 30511.48864 33683.59075 36092.00770 40410.57388 43981.12962 46932.47566 57693.23674 58401.23868 67576.38861 74804.54112 92154.41124 117721.6041 156906.1019 229299.3364 1472813.271 6717107.194
      sorted:	 0.09868005804 4.731299976 256.5012238 353.7073377 635.5018762 1012.765296 1088.974487 1367.651444 1417.219222 1535.080121 1847.985043 1956.592144 1987.420168 2069.446996 2164.013316 2300.195312 2493.444065 3473.266010 3484.077899 4137.706808 4172.863858 5171.160300 6512.116136 9493.585818 14007.42699 16630.69741 19224.73181 20701.01025 22124.97030 24534.13201 27812.23483 30511.48864 30992.62971 33683.59075 36092.00770 40410.57388 43981.12962 46932.47566 57693.23674 58401.23868 67576.38861 74804.54112 92154.41124 117721.6041 156906.1019 229299.3364 1472813.271 6717107.194
