    unsorted:	 1971.096086 1968.902016 2105.464072 1918.822516 2189.639926 2314.816843 1537.166270 1408.128580 1319.678528 1077.311387 1012.336593 2504.239684 596.0230552 354.3458712 256.9456313 0.1084474326 8.708275993 3515.987448 3533.297543 4263.475994 4202.306590 5276.488371 7349.242448 9498.943277 11414.34323 14588.15416 17110.13886 19580.36112 22394.39466 25033.70772 27496.84241 28789.24497 30782.00621 36098.31065 35205.54864 40687.34985 43902.02500 46900.00216 57091.83529 58484.96913 68441.78199 76400.37155 89959.52991 118198.9720 155656.3139 229147.2547 1630214.075 6777373.081
      sorted:	 0.1084474326 8.708275993 256.9456313 354.3458712 596.0230552 1012.336593 1077.311387 1319.678528 1408.128580 1537.166270 1918.822516 1968.902016 1971.096086 2105.464072 2189.639926 2314.816843 2504.239684 3515.987448 3533.297543 4202.306590 4263.475994 5276.488371 7349.242448 9498.943277 11414.34323 14588.15416 17110.13886 19580.36112 22394.39466 25033.70772 27496.84241 28789.24497 30782.00621 35205.54864 36098.31065 40687.34985 43902.02500 46900.00216 57091.83529 58484.96913 68441.78199 76400.37155 89959.52991 118198.9720 155656.3139 229147.2547 1630214.075 6777373.081
