    unsorted:	 1991.034008 1961.127491 1929.729736 1901.660812 2152.009059 2282.932926 1534.758749 1409.003091 1314.802505 2485.380212 1076.014330 1006.776091 587.3977679 354.5560470 257.1635711 0.1218844936 73.75165332 3343.096708 3447.973175 3866.353933 3995.751971 4383.341016 5342.951998 6049.145979 9229.272520 10990.80443 14013.19542 16910.67254 17808.59018 19475.64876 22015.41163 24521.97053 28333.84653 30651.53278 33220.89463 35071.96007 36216.83882 46638.37261 48673.18530 56920.56942 60007.46109 75527.21857 81027.59262 92454.09986 131977.3047 167694.0302 240796.4152 1775283.470 6890957.012
      sorted:	 0.1218844936 73.75165332 257.1635711 354.5560470 587.3977679 1006.776091 1076.014330 1314.802505 1409.003091 1534.758749 1901.660812 1929.729736 1961.127491 1991.034008 2152.009059 2282.932926 2485.380212 3343.096708 3447.973175 3866.353933 3995.751971 4383.341016 5342.951998 6049.145979 9229.272520 10990.80443 14013.19542 16910.67254 17808.59018 19475.64876 22015.41163 24521.97053 28333.84653 30651.53278 33220.89463 35071.96007 36216.83882 46638.37261 48673.18530 56920.56942 60007.46109 75527.21857 81027.59262 92454.09986 131977.3047 167694.0302 240796.4152 1775283.470 6890957.012
