    unsorted:	 30.48617584 27.84280849 24.28610185 0.1189577671 3.423165888 61.77591712 257.2963774 354.5599146 549.9910193 924.1017325 1052.241618 1401.582479 1299.846813 1530.435404 1759.532603 1702.692457 1854.047907 1959.128788 2037.790804 2114.431032 2134.734446 2732.872373 2911.048488 3131.728307 3558.434860 3852.082171 4458.113621 5086.936609 5795.685537 9562.142837 12778.55701 14986.16585 16062.25402 19626.64157 21512.29955 23726.49869 27529.84236 30441.32823 32473.97738 35074.55495 37933.15568 39406.73247 43484.65035 47230.01471 53882.63029 59853.34869 73031.98326 96541.63081 99858.62072 107714.7848 116898.5314 1555863.048 7244831.621
      sorted:	 0.1189577671 3.423165888 24.28610185 27.84280849 30.48617584 61.77591712 257.2963774 354.5599146 549.9910193 924.1017325 1052.241618 1299.846813 1401.582479 1530.435404 1702.692457 1759.532603 1854.047907 1959.128788 2037.790804 2114.431032 2134.734446 2732.872373 2911.048488 3131.728307 3558.434860 3852.082171 4458.113621 5086.936609 5795.685537 9562.142837 12778.55701 14986.16585 16062.25402 19626.64157 21512.29955 23726.49869 27529.84236 30441.32823 32473.97738 35074.55495 37933.15568 39406.73247 43484.65035 47230.01471 53882.63029 59853.34869 73031.98326 96541.63081 99858.62072 107714.7848 116898.5314 1555863.048 7244831.621
