    unsorted:	 1937.867944 1990.277946 2027.150180 2049.113677 2088.370918 1864.464717 2220.730825 1536.984319 1461.984182 1319.335687 1247.401686 2448.463523 1039.913930 931.1517475 864.9609680 807.6765621 581.4501004 2844.612624 2995.062860 3127.764095 3201.960983 307.3370664 271.9635812 209.8769791 173.7723150 3774.879615 4475.469746 4793.434609 6747.788760 8590.001036 9994.126908 11976.22433 14007.31657 18955.09223 19515.10019 20108.86836 22109.80450 28014.89923 31901.95209 35099.34762 40227.93559 45692.16117 52895.13880 76015.12465 110312.7044 132984.7781 183440.2282 247979.9206 2164681.911
      sorted:	 173.7723150 209.8769791 271.9635812 307.3370664 581.4501004 807.6765621 864.9609680 931.1517475 1039.913930 1247.401686 1319.335687 1461.984182 1536.984319 1864.464717 1937.867944 1990.277946 2027.150180 2049.113677 2088.370918 2220.730825 2448.463523 2844.612624 2995.062860 3127.764095 3201.960983 3774.879615 4475.469746 4793.434609 6747.788760 8590.001036 9994.126908 11976.22433 14007.31657 18955.09223 19515.10019 20108.86836 22109.80450 28014.89923 31901.95209 35099.34762 40227.93559 45692.16117 52895.13880 76015.12465 110312.7044 132984.7781 183440.2282 247979.9206 2164681.911
