    unsorted:	 1817.534144 1828.435883 1788.801064 1923.615390 1967.185805 2056.580266 2075.794187 2180.237368 1462.882728 1349.726010 1334.870164 1239.903657 1115.165737 855.1304804 803.1461962 731.5962572 2762.855583 2774.805131 2633.337464 2946.585960 492.0056327 252.9242657 238.4618511 291.4537452 198.8108861 3108.725088 3790.785181 4206.148976 4651.410723 7327.196015 8599.221522 11456.26045 13282.60506 16262.21393 18250.75189 17714.53949 19076.74399 20342.81850 25036.94713 32840.01904 35097.57714 40384.02188 47128.72009 75175.94457 105113.5406 137581.5641 187109.5670 247685.6615 1674630.316
      sorted:	 198.8108861 238.4618511 252.9242657 291.4537452 492.0056327 731.5962572 803.1461962 855.1304804 1115.165737 1239.903657 1334.870164 1349.726010 1462.882728 1788.801064 1817.534144 1828.435883 1923.615390 1967.185805 2056.580266 2075.794187 2180.237368 2633.337464 2762.855583 2774.805131 2946.585960 3108.725088 3790.785181 4206.148976 4651.410723 7327.196015 8599.221522 11456.26045 13282.60506 16262.21393 17714.53949 18250.75189 19076.74399 20342.81850 25036.94713 32840.01904 35097.57714 40384.02188 47128.72009 75175.94457 105113.5406 137581.5641 187109.5670 247685.6615 1674630.316
