    unsorted:	 1929.802872 1933.940140 1904.934999 2013.505451 1845.920025 2084.909715 2148.942316 2270.636291 1491.690459 1399.625198 1276.553652 1212.317090 1129.940806 904.2449015 852.9476473 779.5575586 535.2217115 206.0715642 203.8548607 262.3432972 299.3471583 2739.059470 2867.474694 2931.715853 3062.358255 3424.577197 4096.597545 4394.505637 4929.693802 7854.005056 9192.109747 11630.98559 13623.83035 18657.07402 18981.18906 17717.06284 20627.26543 26291.26636 27835.77738 35099.21056 37992.71870 42838.42985 49820.59503 75533.21360 107321.0818 134942.8551 185539.6195 248572.5453 1928094.234
      sorted:	 203.8548607 206.0715642 262.3432972 299.3471583 535.2217115 779.5575586 852.9476473 904.2449015 1129.940806 1212.317090 1276.553652 1399.625198 1491.690459 1845.920025 1904.934999 1929.802872 1933.940140 2013.505451 2084.909715 2148.942316 2270.636291 2739.059470 2867.474694 2931.715853 3062.358255 3424.577197 4096.597545 4394.505637 4929.693802 7854.005056 9192.109747 11630.98559 13623.83035 17717.06284 18657.07402 18981.18906 20627.26543 26291.26636 27835.77738 35099.21056 37992.71870 42838.42985 49820.59503 75533.21360 107321.0818 134942.8551 185539.6195 248572.5453 1928094.234
