    unsorted:	 8503.656670 8376.947559 8130.347571 7860.801805 8786.774925 8952.459316 7530.504592 7355.526716 6190.137890 5992.607830 10404.48183 10479.23020 5318.198133 4899.161348 4097.395304 4244.432363 3889.458492 11234.57717 11217.06253 11653.51242 2464.296917 2174.959645 1882.592240 13668.50180 14213.12712 41.75452910 -88.72624005 20258.74676 21503.41367 23087.54592 25502.14991 25707.74830 35053.26422 34536.54844 35768.89758 77451.70983 96165.87201 108467.8287 -82376.98278 136350.5170 164497.2574 200945.7702 239921.3240 677228.8686 1373419.438 1720503.022 33660404.42 2248622054. 8.453071413e+10
      sorted:	 -82376.98278 -88.72624005 41.75452910 1882.592240 2174.959645 2464.296917 3889.458492 4097.395304 4244.432363 4899.161348 5318.198133 5992.607830 6190.137890 7355.526716 7530.504592 7860.801805 8130.347571 8376.947559 8503.656670 8786.774925 8952.459316 10404.48183 10479.23020 11217.06253 11234.57717 11653.51242 13668.50180 14213.12712 20258.74676 21503.41367 23087.54592 25502.14991 25707.74830 34536.54844 35053.26422 35768.89758 77451.70983 96165.87201 108467.8287 136350.5170 164497.2574 200945.7702 239921.3240 677228.8686 1373419.438 1720503.022 33660404.42 2248622054. 8.453071413e+10
