    unsorted:	 1959.470499 1866.846389 1785.832192 2132.088085 2273.849613 1710.930201 1533.211333 1409.198504 1313.522036 2474.635473 1075.704235 1005.011735 2657.940128 2807.860196 2922.567296 585.2459852 354.5905584 257.2140217 0.1230854242 51.88513006 3395.591803 3781.660816 4536.558574 5548.423568 8677.504653 10346.32685 10406.67795 13624.10145 16376.34045 20784.02937 21656.88727 24529.08752 27526.29209 30882.59962 35076.92602 34636.44384 33258.79014 44255.40417 46960.49493 55007.25905 60305.86667 78543.98072 82324.38399 87254.58959 128459.2727 131240.3879 240220.3011 1615359.132 6600645.577
      sorted:	 0.1230854242 51.88513006 257.2140217 354.5905584 585.2459852 1005.011735 1075.704235 1313.522036 1409.198504 1533.211333 1710.930201 1785.832192 1866.846389 1959.470499 2132.088085 2273.849613 2474.635473 2657.940128 2807.860196 2922.567296 3395.591803 3781.660816 4536.558574 5548.423568 8677.504653 10346.32685 10406.67795 13624.10145 16376.34045 20784.02937 21656.88727 24529.08752 27526.29209 30882.59962 33258.79014 34636.44384 35076.92602 44255.40417 46960.49493 55007.25905 60305.86667 78543.98072 82324.38399 87254.58959 128459.2727 131240.3879 240220.3011 1615359.132 6600645.577
