    unsorted:	 2070.353685 2097.726367 1930.959195 1866.205250 2217.760049 2296.221971 1706.433224 1582.760360 1514.638566 1372.807879 1286.776337 1101.555350 950.9251956 853.1496252 657.2345297 2691.623994 515.1833111 311.8703910 280.2370432 216.1454939 129.1059614 2875.042034 3081.658768 3186.177115 3301.157243 3917.293470 4381.693717 4844.593366 5946.888137 8473.577265 9952.477780 12643.46274 14019.69353 19159.96068 19875.46849 20529.91313 23057.96889 29827.63015 30164.25993 35098.04107 44434.81163 48779.90150 73612.10501 86134.19352 108925.6040 131441.6919 180814.4935 248637.4306 2856781.016
      sorted:	 129.1059614 216.1454939 280.2370432 311.8703910 515.1833111 657.2345297 853.1496252 950.9251956 1101.555350 1286.776337 1372.807879 1514.638566 1582.760360 1706.433224 1866.205250 1930.959195 2070.353685 2097.726367 2217.760049 2296.221971 2691.623994 2875.042034 3081.658768 3186.177115 3301.157243 3917.293470 4381.693717 4844.593366 5946.888137 8473.577265 9952.477780 12643.46274 14019.69353 19159.96068 19875.46849 20529.91313 23057.96889 29827.63015 30164.25993 35098.04107 44434.81163 48779.90150 73612.10501 86134.19352 108925.6040 131441.6919 180814.4935 248637.4306 2856781.016
