    unsorted:	 1480.481174 1509.004982 1455.782368 1436.276689 1536.026056 1596.005805 1612.722821 1688.642958 1732.993067 1347.610245 1837.435736 1224.036301 1113.461833 1992.527867 2093.922990 936.2883685 2224.298279 2265.173932 844.4919473 648.4808609 2496.278607 2584.777882 0.6594537202 0.1298408541 0.7472023098 265.6220835 251.0142597 355.1979011 2762.137914 3166.452787 3536.514313 5050.082273 7798.308254 9991.637079 11464.00773 12686.52880 14090.19424 14608.40722 15202.73434 17738.59256 35060.24350 35159.39273 86038.73785 95271.57235 198943.5124 497625.2848 952397.1218 1985584.285
      sorted:	 0.1298408541 0.6594537202 0.7472023098 251.0142597 265.6220835 355.1979011 648.4808609 844.4919473 936.2883685 1113.461833 1224.036301 1347.610245 1436.276689 1455.782368 1480.481174 1509.004982 1536.026056 1596.005805 1612.722821 1688.642958 1732.993067 1837.435736 1992.527867 2093.922990 2224.298279 2265.173932 2496.278607 2584.777882 2762.137914 3166.452787 3536.514313 5050.082273 7798.308254 9991.637079 11464.00773 12686.52880 14090.19424 14608.40722 15202.73434 17738.59256 35060.24350 35159.39273 86038.73785 95271.57235 198943.5124 497625.2848 952397.1218 1985584.285
