    unsorted:	 16.47066542 26.98738572 28.01916062 21.48749268 0.1172332616 61.69067367 257.2802692 354.5540378 566.7813426 932.9837113 1068.574409 1304.645856 1409.376318 1529.098768 1737.500250 1662.039243 1836.812503 1959.353599 2030.025712 2116.083941 2235.546373 2697.883915 2876.862306 3097.553673 3454.485579 3716.873589 4451.954815 5041.243538 6544.244767 9173.906274 10972.85145 12077.13224 15549.83788 20527.43395 21396.41498 23554.09767 27081.02490 29959.06236 33665.79827 32608.43636 35078.18125 37711.77059 45429.58863 47858.38124 48266.51517 57512.06697 61621.75008 99117.72752 103197.6559 108694.8434 115552.0162 1654923.542 7763384.384
      sorted:	 0.1172332616 16.47066542 21.48749268 26.98738572 28.01916062 61.69067367 257.2802692 354.5540378 566.7813426 932.9837113 1068.574409 1304.645856 1409.376318 1529.098768 1662.039243 1737.500250 1836.812503 1959.353599 2030.025712 2116.083941 2235.546373 2697.883915 2876.862306 3097.553673 3454.485579 3716.873589 4451.954815 5041.243538 6544.244767 9173.906274 10972.85145 12077.13224 15549.83788 20527.43395 21396.41498 23554.09767 27081.02490 29959.06236 32608.43636 33665.79827 35078.18125 37711.77059 45429.58863 47858.38124 48266.51517 57512.06697 61621.75008 99117.72752 103197.6559 108694.8434 115552.0162 1654923.542 7763384.384
