    unsorted:	 1620.878276 1577.806470 1720.935101 1974.443396 2205.700347 2224.849971 2140.227632 1398.292455 1339.971066 2468.320676 883.1403198 361.7614013 431.0261710 604.7326759 4.472311326 3079.935849 3430.671245 3731.375098 3908.573477 4151.560064 6273.923459 11041.04134 12805.61007 14140.19543 14847.23790 19851.18624 20736.63123 22120.11450 24075.80604 23887.20682 35042.10210 35928.46871 39034.71347 40822.64914 45937.08017 53035.80952 56917.03723 61962.06749 78320.09303 84789.27242 103481.0167 116341.5900 143038.3553 170871.4646 189480.9081 241698.9897 -756291.5677 15011238.36 9.523554685e+10
      sorted:	 -756291.5677 4.472311326 361.7614013 431.0261710 604.7326759 883.1403198 1339.971066 1398.292455 1577.806470 1620.878276 1720.935101 1974.443396 2140.227632 2205.700347 2224.849971 2468.320676 3079.935849 3430.671245 3731.375098 3908.573477 4151.560064 6273.923459 11041.04134 12805.61007 14140.19543 14847.23790 19851.18624 20736.63123 22120.11450 23887.20682 24075.80604 35042.10210 35928.46871 39034.71347 40822.64914 45937.08017 53035.80952 56917.03723 61962.06749 78320.09303 84789.27242 103481.0167 116341.5900 143038.3553 170871.4646 189480.9081 241698.9897 15011238.36 9.523554685e+10
