    unsorted:	 1986.068258 1965.910799 2051.086158 1932.956638 2152.730985 2282.027106 1534.665418 1409.196488 1314.485493 1075.826873 1006.813725 2485.110207 585.8863233 354.5984663 257.2052978 0.1191385934 5.322277214 71.07804164 3455.142940 3373.874803 3865.965413 4002.370252 4453.098991 5791.603682 5891.232342 9001.066189 11260.15393 14426.47939 15072.47829 17436.07686 18526.41366 22182.21925 24604.19083 28733.92009 30721.85147 35069.64736 35266.44927 36726.56274 47070.89975 50892.57711 56448.02931 73598.88696 85015.58881 88839.00149 92165.80115 132273.3184 167722.9107 241345.6814 1752887.312 7434300.052
      sorted:	 0.1191385934 5.322277214 71.07804164 257.2052978 354.5984663 585.8863233 1006.813725 1075.826873 1314.485493 1409.196488 1534.665418 1932.956638 1965.910799 1986.068258 2051.086158 2152.730985 2282.027106 2485.110207 3373.874803 3455.142940 3865.965413 4002.370252 4453.098991 5791.603682 5891.232342 9001.066189 11260.15393 14426.47939 15072.47829 17436.07686 18526.41366 22182.21925 24604.19083 28733.92009 30721.85147 35069.64736 35266.44927 36726.56274 47070.89975 50892.57711 56448.02931 73598.88696 85015.58881 88839.00149 92165.80115 132273.3184 167722.9107 241345.6814 1752887.312 7434300.052
