    unsorted:	 1090.533845 1092.436152 1098.549669 1101.310881 1078.134603 1081.685627 1109.020498 1066.751055 1060.862070 1052.618575 1043.110019 1039.855339 1036.651981 1024.444599 1026.733102 1015.065390 1016.590711 1008.968332 1001.306939 1001.648713 992.7266661 991.2113901 986.3679685 1139.095131 1137.002874 1134.122225 1141.363385 1149.778023 1158.525594 1167.219877 1172.993519 973.6230230 1180.717676 1198.731707 1209.059498 1218.182424 949.2341781 1236.268744 1243.880410 934.1490086 1259.893233 1268.200480 925.1075496 1282.150695 913.2841225 1314.492193 1324.503161 1365.867614 1379.196637 826.3562841 816.3853053 1421.590193 1441.561551 1462.303587 1463.672971 1516.200705 1527.441908 760.9652325 1606.922220 1676.054850 1706.108842 1721.724449 1762.838683 1816.716700 1860.890536 504.7487324 1976.896479 2000.649038 2092.371997 2101.080097 341.0319781 252.2944794 2270.813527 2356.095118 0.03935100154 0.06522806314 2.050214067 115.7517418 2420.769019 2466.723173 2596.282730 2638.808750 2837.903066 3009.647224 3614.731057 3790.292105 4103.176491 4535.862094 5138.196081 5246.686722 5548.730458 6195.398784 9287.232675 9657.807506 13464.10012 15625.29994 18293.04259 19834.19780 21547.72632 26147.88120 28012.75576 27542.80887 31873.68044 32580.91275 35061.97713 38676.99959 46847.26899 48953.89403 49892.72712 52939.03460 53571.66719 65704.70221 78474.44758 83540.66479 89718.63157 142171.7387 168954.5142 191267.7347 220064.5403 1474143.579 10264932.67
      sorted:	 0.03935100154 0.06522806314 2.050214067 115.7517418 252.2944794 341.0319781 504.7487324 760.9652325 816.3853053 826.3562841 913.2841225 925.1075496 934.1490086 949.2341781 973.6230230 986.3679685 991.2113901 992.7266661 1001.306939 1001.648713 1008.968332 1015.065390 1016.590711 1024.444599 1026.733102 1036.651981 1039.855339 1043.110019 1052.618575 1060.862070 1066.751055 1078.134603 1081.685627 1090.533845 1092.436152 1098.549669 1101.310881 1109.020498 1134.122225 1137.002874 1139.095131 1141.363385 1149.778023 1158.525594 1167.219877 1172.993519 1180.717676 1198.731707 1209.059498 1218.182424 1236.268744 1243.880410 1259.893233 1268.200480 1282.150695 1314.492193 1324.503161 1365.867614 1379.196637 1421.590193 1441.561551 1462.303587 1463.672971 1516.200705 1527.441908 1606.922220 1676.054850 1706.108842 1721.724449 1762.838683 1816.716700 1860.890536 1976.896479 2000.649038 2092.371997 2101.080097 2270.813527 2356.095118 2420.769019 2466.723173 2596.282730 2638.808750 2837.903066 3009.647224 3614.731057 3790.292105 4103.176491 4535.862094 5138.196081 5246.686722 5548.730458 6195.398784 9287.232675 9657.807506 13464.10012 15625.29994 18293.04259 19834.19780 21547.72632 26147.88120 27542.80887 28012.75576 31873.68044 32580.91275 35061.97713 38676.99959 46847.26899 48953.89403 49892.72712 52939.03460 53571.66719 65704.70221 78474.44758 83540.66479 89718.63157 142171.7387 168954.5142 191267.7347 220064.5403 1474143.579 10264932.67
