    unsorted:	 1072.037934 1071.185131 1077.237130 1081.189991 1087.099988 1094.782187 1097.919077 1102.736226 1053.622729 1056.011962 1049.724470 1041.765088 1036.887053 1034.808634 1025.931708 1024.609715 1019.853835 1018.272093 1111.203164 1008.108150 1004.094483 1001.249618 995.9546811 1117.524112 993.0850950 1123.256197 986.7070320 1132.551002 1148.378194 1154.198928 974.3986575 1166.880410 1187.566115 1203.132029 1208.842000 1217.631610 1226.992148 1235.474697 1237.635558 1241.340456 940.8236343 1265.496957 1274.777926 1279.838005 932.4345379 1299.632940 1307.431293 915.0935495 1320.325494 900.7897807 1338.986116 1357.924916 865.5316989 1388.508253 832.2173429 818.8904413 1430.631480 1451.897262 1462.963426 1483.123372 1497.437430 1513.564643 763.6559759 1563.811649 1595.806626 1659.256354 1679.163826 1707.963049 1723.022019 1809.816399 1818.158411 472.0175212 1968.783852 2005.382677 341.3113944 2077.454069 252.7099734 2240.582439 2252.149271 2404.149794 62.18472244 0.2516688672 2442.563360 2628.749302 2634.394163 2848.599043 3648.756853 3908.448180 4058.127293 4290.722590 4648.086838 5171.025552 5372.539166 7176.660815 7338.737678 8875.323951 9124.674284 10327.70093 10807.70956 12476.03550 12719.70199 15874.06095 16629.39847 19433.91678 23879.03432 27564.36688 32805.58915 35067.15460 38667.63598 43697.18205 47802.08202 49553.07850 56882.71889 68668.23248 79596.68988 104401.6897 119088.5215 167396.5461 287424.0482 4321384.637 6170401946.
      sorted:	 0.2516688672 62.18472244 252.7099734 341.3113944 472.0175212 763.6559759 818.8904413 832.2173429 865.5316989 900.7897807 915.0935495 932.4345379 940.8236343 974.3986575 986.7070320 993.0850950 995.9546811 1001.249618 1004.094483 1008.108150 1018.272093 1019.853835 1024.609715 1025.931708 1034.808634 1036.887053 1041.765088 1049.724470 1053.622729 1056.011962 1071.185131 1072.037934 1077.237130 1081.189991 1087.099988 1094.782187 1097.919077 1102.736226 1111.203164 1117.524112 1123.256197 1132.551002 1148.378194 1154.198928 1166.880410 1187.566115 1203.132029 1208.842000 1217.631610 1226.992148 1235.474697 1237.635558 1241.340456 1265.496957 1274.777926 1279.838005 1299.632940 1307.431293 1320.325494 1338.986116 1357.924916 1388.508253 1430.631480 1451.897262 1462.963426 1483.123372 1497.437430 1513.564643 1563.811649 1595.806626 1659.256354 1679.163826 1707.963049 1723.022019 1809.816399 1818.158411 1968.783852 2005.382677 2077.454069 2240.582439 2252.149271 2404.149794 2442.563360 2628.749302 2634.394163 2848.599043 3648.756853 3908.448180 4058.127293 4290.722590 4648.086838 5171.025552 5372.539166 7176.660815 7338.737678 8875.323951 9124.674284 10327.70093 10807.70956 12476.03550 12719.70199 15874.06095 16629.39847 19433.91678 23879.03432 27564.36688 32805.58915 35067.15460 38667.63598 43697.18205 47802.08202 49553.07850 56882.71889 68668.23248 79596.68988 104401.6897 119088.5215 167396.5461 287424.0482 4321384.637 6170401946.
