    unsorted:	 1088.555371 1088.416990 1081.554964 1077.658406 1098.737645 1109.336513 1067.991802 1114.839950 1126.019642 1128.476615 1134.790656 1137.087176 1145.669278 1152.131630 1153.491157 1055.026188 1052.256926 1035.744633 1036.650025 1040.687903 1025.295976 1021.451463 1018.027163 1009.140519 1003.911987 1001.446020 996.6657305 993.0944634 986.3441628 1180.494825 1186.099146 975.3083069 1210.868440 1220.329659 1228.910596 1242.134159 1245.977530 1252.988279 1267.218322 1278.118902 1281.370256 949.7480416 933.1773529 925.8331494 1308.947416 1316.123289 914.5284132 1332.474369 866.0381899 1394.401002 1411.050345 821.9244416 1460.531131 1467.589691 1476.185987 1518.204451 1524.198904 764.5377935 1581.428701 1672.882640 1679.329441 1696.256421 1763.181038 1815.551035 1881.071984 506.6092691 1978.641217 2010.660895 2026.387968 2057.439137 340.7323841 2232.650240 2263.147693 2280.385652 252.1484957 2422.294041 116.1419521 0.2348703999 0.06047002844 2520.595829 2646.033607 2703.425328 2866.047251 3287.385457 4041.023773 4171.303578 4426.245067 4689.497365 4908.287376 5193.381688 5775.138460 6088.438860 8056.703404 9305.768324 13060.51987 14431.79023 16311.45169 19572.25311 20769.38574 25797.87956 27380.43490 29416.36496 30827.05494 32759.22392 35064.28922 39107.77310 40899.50515 48135.27665 48951.28638 50620.28646 53299.44307 68885.88036 74786.93657 81841.27934 91445.78351 138008.7504 168161.5804 176783.0691 292038.1655 1283823.383 9796765.620
      sorted:	 0.06047002844 0.2348703999 116.1419521 252.1484957 340.7323841 506.6092691 764.5377935 821.9244416 866.0381899 914.5284132 925.8331494 933.1773529 949.7480416 975.3083069 986.3441628 993.0944634 996.6657305 1001.446020 1003.911987 1009.140519 1018.027163 1021.451463 1025.295976 1035.744633 1036.650025 1040.687903 1052.256926 1055.026188 1067.991802 1077.658406 1081.554964 1088.416990 1088.555371 1098.737645 1109.336513 1114.839950 1126.019642 1128.476615 1134.790656 1137.087176 1145.669278 1152.131630 1153.491157 1180.494825 1186.099146 1210.868440 1220.329659 1228.910596 1242.134159 1245.977530 1252.988279 1267.218322 1278.118902 1281.370256 1308.947416 1316.123289 1332.474369 1394.401002 1411.050345 1460.531131 1467.589691 1476.185987 1518.204451 1524.198904 1581.428701 1672.882640 1679.329441 1696.256421 1763.181038 1815.551035 1881.071984 1978.641217 2010.660895 2026.387968 2057.439137 2232.650240 2263.147693 2280.385652 2422.294041 2520.595829 2646.033607 2703.425328 2866.047251 3287.385457 4041.023773 4171.303578 4426.245067 4689.497365 4908.287376 5193.381688 5775.138460 6088.438860 8056.703404 9305.768324 13060.51987 14431.79023 16311.45169 19572.25311 20769.38574 25797.87956 27380.43490 29416.36496 30827.05494 32759.22392 35064.28922 39107.77310 40899.50515 48135.27665 48951.28638 50620.28646 53299.44307 68885.88036 74786.93657 81841.27934 91445.78351 138008.7504 168161.5804 176783.0691 292038.1655 1283823.383 9796765.620
