    unsorted:	 171.3472991 171.3472991 171.3472991 375.4947852 401.1111666 409.3080148 437.4064589 463.7441280 332.2142567 581.4117191 712.0635580 189.0679001 1.362798761 0.7695945180 0.5378671268 936.2972925 1064.711744 1144.235523 1174.761171 1210.667196 1563.128582 1605.039798 1812.917035 1891.711105 2071.395394 2156.172480 2233.350744 2432.031678 2729.277882 3184.283793 3484.255828 3533.413025 3826.630330 3966.099254 4571.766990 5905.375700 7318.484744 8939.932496 11776.17539 14030.61709 19841.37236 34106.81829 46240.18851 98320.82118 116645.6747 213908.7542 312034.9812 1216792.689
      sorted:	 0.5378671268 0.7695945180 1.362798761 171.3472991 171.3472991 171.3472991 189.0679001 332.2142567 375.4947852 401.1111666 409.3080148 437.4064589 463.7441280 581.4117191 712.0635580 936.2972925 1064.711744 1144.235523 1174.761171 1210.667196 1563.128582 1605.039798 1812.917035 1891.711105 2071.395394 2156.172480 2233.350744 2432.031678 2729.277882 3184.283793 3484.255828 3533.413025 3826.630330 3966.099254 4571.766990 5905.375700 7318.484744 8939.932496 11776.17539 14030.61709 19841.37236 34106.81829 46240.18851 98320.82118 116645.6747 213908.7542 312034.9812 1216792.689
