    unsorted:	 1822.971724 1850.820380 1756.973427 1645.862500 2052.131088 1495.476956 2268.471663 2420.550665 2583.686102 2863.458824 2812.685697 3002.394888 1257.690756 1131.905318 956.8150548 831.2107151 708.5142456 3379.576888 3565.761474 308.0338686 324.5112189 232.4289890 0.8413114356 3847.081488 3958.008084 4029.653030 4184.037207 0.5216985855 4641.858754 4923.285132 5173.737411 5957.671984 7380.855265 7869.645167 9146.921305 9685.355072 12720.18102 13172.72865 15515.48821 35038.41473 45121.35564 73139.91234 159573.7216 237587.5359 308044.7648 1278021.397 1436034.846
      sorted:	 0.5216985855 0.8413114356 232.4289890 308.0338686 324.5112189 708.5142456 831.2107151 956.8150548 1131.905318 1257.690756 1495.476956 1645.862500 1756.973427 1822.971724 1850.820380 2052.131088 2268.471663 2420.550665 2583.686102 2812.685697 2863.458824 3002.394888 3379.576888 3565.761474 3847.081488 3958.008084 4029.653030 4184.037207 4641.858754 4923.285132 5173.737411 5957.671984 7380.855265 7869.645167 9146.921305 9685.355072 12720.18102 13172.72865 15515.48821 35038.41473 45121.35564 73139.91234 159573.7216 237587.5359 308044.7648 1278021.397 1436034.846
