    unsorted:	 246.7401103 246.7401103 246.7401103 246.7401103 246.7401103 246.7401103 246.7401103 246.7401103 246.7401103 246.7401103 246.7401103 246.7401103 246.7401103 246.7401103 246.7401103 246.7401103 246.7401103 246.7401103 246.7401103 246.7401103 246.7401103 246.7401103 246.7401103 246.7401103 246.7401103 246.7401103 246.7401103 246.7401103 246.7401103 246.7401103 246.7401103 246.7401103 246.7401103 246.7401103 246.7401103 246.7401103 246.7401103 246.7401103 246.7401103 246.7401103 246.7401103 246.7401103 246.7401103 246.7401103 246.7401103 246.7401103 246.7401103 246.7401103 246.7401103 246.7401103 246.7401103 246.7401103 0.7148187140 459.8582818 229.8827496 297.4317871 4664.376775 4472.663178 4252.111992 3784.275390 5521.530803 5929.283874 6559.839428 7951.701488 10508.35912 12317.02184 12379.51551 15976.75262 25251.54287 27079.91247 34874.60395 34788.50230 45247.16701 45159.27318 46793.92011 40473.64236 39407.59338 49455.61705 50163.70024 51473.07991 54648.09774 56886.98520 59416.22119 69258.40971 72458.03547 81208.18840 82186.52449 83675.41670 95626.66136 103757.5233 106100.4090 113784.3127 117550.4902 121663.9677 134361.6775 138027.4308 141845.8002 156073.0793 164043.7451 171083.8005 192329.9799 205089.6247 214699.1497 220307.4886 236533.7834 251464.4637 273015.7367 313252.4312 324500.0830 333854.1646 355259.0083 381014.1798 422791.7262 487070.2007 707372.6300 990242.5765 1483791.831 2380465.260 2456618.258 10858759.26 42605021.58
      sorted:	 0.7148187140 229.8827496 246.7401103 246.7401103 246.7401103 246.7401103 246.7401103 246.7401103 246.7401103 246.7401103 246.7401103 246.7401103 246.7401103 246.7401103 246.7401103 246.7401103 246.7401103 246.7401103 246.7401103 246.7401103 246.7401103 246.7401103 246.7401103 246.7401103 246.7401103 246.7401103 246.7401103 246.7401103 246.7401103 246.7401103 246.7401103 246.7401103 246.7401103 246.7401103 246.7401103 246.7401103 246.7401103 246.7401103 246.7401103 246.7401103 246.7401103 246.7401103 246.7401103 246.7401103 246.7401103 246.7401103 246.7401103 246.7401103 246.7401103 246.7401103 246.7401103 246.7401103 246.7401103 246.7401103 297.4317871 459.8582818 3784.275390 4252.111992 4472.663178 4664.376775 5521.530803 5929.283874 6559.839428 7951.701488 10508.35912 12317.02184 12379.51551 15976.75262 25251.54287 27079.91247 34788.50230 34874.60395 39407.59338 40473.64236 45159.27318 45247.16701 46793.92011 49455.61705 50163.70024 51473.07991 54648.09774 56886.98520 59416.22119 69258.40971 72458.03547 81208.18840 82186.52449 83675.41670 95626.66136 103757.5233 106100.4090 113784.3127 117550.4902 121663.9677 134361.6775 138027.4308 141845.8002 156073.0793 164043.7451 171083.8005 192329.9799 205089.6247 214699.1497 220307.4886 236533.7834 251464.4637 273015.7367 313252.4312 324500.0830 333854.1646 355259.0083 381014.1798 422791.7262 487070.2007 707372.6300 990242.5765 1483791.831 2380465.260 2456618.258 10858759.26 42605021.58
