    unsorted:	 1083.685910 1089.651143 1088.521833 1080.536444 1077.634565 1104.236773 1117.331515 1115.763472 1113.101637 1133.855881 1129.966804 1138.381040 1145.134765 1146.426494 1060.539064 1055.368488 1053.413104 1036.138619 1034.635309 1027.446364 1024.268423 1021.081585 1018.134596 1005.020327 1003.469527 998.7088129 996.3411334 993.2223122 986.4862323 1173.008609 1182.555486 973.5957975 1205.641289 1210.945615 1214.471687 1218.179980 1229.922611 1242.140476 1243.252366 1265.445274 1272.991758 934.8934224 928.5066341 1296.766471 1308.638101 1314.131172 1327.376106 908.3420974 880.5710469 1380.104355 856.7033041 1411.320473 1429.478694 1438.568813 1462.187899 817.6095754 1477.755998 1567.027296 753.7332505 1602.489929 1635.167688 1673.022923 1695.378797 1768.272688 1804.758844 1937.535361 1954.726673 1979.870788 473.5594364 395.9935887 339.5126407 2133.884651 2187.763569 251.8885613 2253.758596 2337.227761 106.4623168 0.2378357081 0.6464577437 2444.866823 2547.465706 2612.718626 2627.583079 2692.093261 3406.724457 3671.680859 3983.323301 4082.988778 4278.440046 4487.854222 4728.167728 5238.651902 5725.096476 6523.456811 7708.898054 11517.03786 12673.13168 16060.82109 18051.21135 19586.00547 24181.10145 27385.11757 29202.01525 30289.00156 31852.05537 35068.38774 37404.18384 39609.59031 48921.88298 50541.27981 58057.98522 69725.99583 73558.27706 80346.54043 101449.4225 142115.0516 169884.7783 176158.7516 289288.9389 1874968.463 9923949.667
      sorted:	 0.2378357081 0.6464577437 106.4623168 251.8885613 339.5126407 395.9935887 473.5594364 753.7332505 817.6095754 856.7033041 880.5710469 908.3420974 928.5066341 934.8934224 973.5957975 986.4862323 993.2223122 996.3411334 998.7088129 1003.469527 1005.020327 1018.134596 1021.081585 1024.268423 1027.446364 1034.635309 1036.138619 1053.413104 1055.368488 1060.539064 1077.634565 1080.536444 1083.685910 1088.521833 1089.651143 1104.236773 1113.101637 1115.763472 1117.331515 1129.966804 1133.855881 1138.381040 1145.134765 1146.426494 1173.008609 1182.555486 1205.641289 1210.945615 1214.471687 1218.179980 1229.922611 1242.140476 1243.252366 1265.445274 1272.991758 1296.766471 1308.638101 1314.131172 1327.376106 1380.104355 1411.320473 1429.478694 1438.568813 1462.187899 1477.755998 1567.027296 1602.489929 1635.167688 1673.022923 1695.378797 1768.272688 1804.758844 1937.535361 1954.726673 1979.870788 2133.884651 2187.763569 2253.758596 2337.227761 2444.866823 2547.465706 2612.718626 2627.583079 2692.093261 3406.724457 3671.680859 3983.323301 4082.988778 4278.440046 4487.854222 4728.167728 5238.651902 5725.096476 6523.456811 7708.898054 11517.03786 12673.13168 16060.82109 18051.21135 19586.00547 24181.10145 27385.11757 29202.01525 30289.00156 31852.05537 35068.38774 37404.18384 39609.59031 48921.88298 50541.27981 58057.98522 69725.99583 73558.27706 80346.54043 101449.4225 142115.0516 169884.7783 176158.7516 289288.9389 1874968.463 9923949.667
