    unsorted:	 171.3472991 171.3472991 171.3472991 184.9448663 202.8387889 245.7907650 0.8023382242 0.6804904195 151.9353184 370.5738159 468.3843419 497.8056333 535.2907814 557.0839569 626.2228840 808.0310227 926.9253883 1318.419246 1256.120090 1566.127678 1665.256707 1832.102478 2172.349274 2241.618191 2440.904919 2888.944507 3522.534129 3944.267726 4028.389987 4613.635422 4980.055936 5070.873175 5470.844997 6382.823792 6504.146047 7409.741428 8062.738108 7984.477388 10573.58490 11536.57866 14724.22180 16924.60791 26768.01145 32311.96297 43168.92147 57560.15044 138639.1581 197670.4582 339740.4016 714035.0970 1024982.042 3534700.813
      sorted:	 0.6804904195 0.8023382242 151.9353184 171.3472991 171.3472991 171.3472991 184.9448663 202.8387889 245.7907650 370.5738159 468.3843419 497.8056333 535.2907814 557.0839569 626.2228840 808.0310227 926.9253883 1256.120090 1318.419246 1566.127678 1665.256707 1832.102478 2172.349274 2241.618191 2440.904919 2888.944507 3522.534129 3944.267726 4028.389987 4613.635422 4980.055936 5070.873175 5470.844997 6382.823792 6504.146047 7409.741428 7984.477388 8062.738108 10573.58490 11536.57866 14724.22180 16924.60791 26768.01145 32311.96297 43168.92147 57560.15044 138639.1581 197670.4582 339740.4016 714035.0970 1024982.042 3534700.813
