    unsorted:	 171.3472991 171.3472991 171.3472991 510.1755528 496.7256116 558.5348833 440.3993761 369.9170892 626.2061129 185.6055267 151.7411997 0.6802682136 807.1658733 927.9653033 1317.512851 1256.010007 1570.943454 1664.327111 1832.219786 2171.305698 2241.038253 2439.233088 2883.032759 3521.471928 3945.857894 4028.708835 4603.897582 4985.134180 5068.857358 5465.973154 6376.097900 6502.047519 7241.607548 8060.520516 7885.847605 10575.88836 11542.13681 14759.79096 16930.39442 26759.80685 34102.73327 43220.54348 57597.94286 138615.0531 199504.0698 343098.9515 1024065.009 3223351.028 3042500.689 1.073416565e+11
      sorted:	 0.6802682136 151.7411997 171.3472991 171.3472991 171.3472991 185.6055267 369.9170892 440.3993761 496.7256116 510.1755528 558.5348833 626.2061129 807.1658733 927.9653033 1256.010007 1317.512851 1570.943454 1664.327111 1832.219786 2171.305698 2241.038253 2439.233088 2883.032759 3521.471928 3945.857894 4028.708835 4603.897582 4985.134180 5068.857358 5465.973154 6376.097900 6502.047519 7241.607548 7885.847605 8060.520516 10575.88836 11542.13681 14759.79096 16930.39442 26759.80685 34102.73327 43220.54348 57597.94286 138615.0531 199504.0698 343098.9515 1024065.009 3042500.689 3223351.028 1.073416565e+11
