    unsorted:	 528.6774129 521.8960852 488.7008606 452.7229055 611.0145571 364.6092884 680.3230745 243.4603610 202.3601193 185.7712865 0.7477183547 0.7753184008 876.3857824 1196.355068 1439.417729 1456.560088 1613.891979 1845.864477 1878.901031 1978.011556 2085.653409 2122.660486 2287.013828 2481.881278 3573.670401 3582.691685 3275.275137 3883.741303 3786.599083 3952.781693 4350.706307 4606.597476 5001.359206 5145.676206 5614.730824 6585.648847 9213.554315 10235.21115 13655.20352 35065.88246 39422.51298 94675.50870 209498.8893 299996.4824 495264.0586 1011705.805 1101771.478
      sorted:	 0.7477183547 0.7753184008 185.7712865 202.3601193 243.4603610 364.6092884 452.7229055 488.7008606 521.8960852 528.6774129 611.0145571 680.3230745 876.3857824 1196.355068 1439.417729 1456.560088 1613.891979 1845.864477 1878.901031 1978.011556 2085.653409 2122.660486 2287.013828 2481.881278 3275.275137 3573.670401 3582.691685 3786.599083 3883.741303 3952.781693 4350.706307 4606.597476 5001.359206 5145.676206 5614.730824 6585.648847 9213.554315 10235.21115 13655.20352 35065.88246 39422.51298 94675.50870 209498.8893 299996.4824 495264.0586 1011705.805 1101771.478
