    unsorted:	 484.8484402 488.8259681 462.9313958 395.4019426 372.3696765 582.3429435 200.2687894 190.9892103 236.9239157 0.8784511891 0.8375879537 828.7871850 999.0282870 1119.517494 1319.208260 1329.794021 1490.374438 1698.851448 1777.764308 2010.843430 1988.540137 2268.712128 3304.742457 3245.205006 3388.923923 3149.550974 3661.372222 3725.422746 3871.834633 4045.006152 4232.639869 4630.550164 5099.267743 6102.706562 7618.481321 8146.288144 9507.010593 11032.83137 12106.25128 35072.23977 46519.28570 108930.1051 211199.7185 306373.3510 615344.3323 1040147.201 1085238.258
      sorted:	 0.8375879537 0.8784511891 190.9892103 200.2687894 236.9239157 372.3696765 395.4019426 462.9313958 484.8484402 488.8259681 582.3429435 828.7871850 999.0282870 1119.517494 1319.208260 1329.794021 1490.374438 1698.851448 1777.764308 1988.540137 2010.843430 2268.712128 3149.550974 3245.205006 3304.742457 3388.923923 3661.372222 3725.422746 3871.834633 4045.006152 4232.639869 4630.550164 5099.267743 6102.706562 7618.481321 8146.288144 9507.010593 11032.83137 12106.25128 35072.23977 46519.28570 108930.1051 211199.7185 306373.3510 615344.3323 1040147.201 1085238.258
