    unsorted:	 1822.971774 1850.820412 1756.973526 1645.862359 2052.131149 1495.480849 2268.472337 2420.550862 2583.686247 2863.456687 2812.685644 3002.394665 1257.690838 1131.905214 956.8150700 831.2107536 708.5144162 3379.576938 3565.761549 308.0344823 324.5149167 232.4289941 0.8418387769 3847.081219 3958.007818 4029.653202 4184.037390 0.5214614699 4641.859167 4923.285127 5173.737590 5957.672216 7380.857541 7869.713880 9146.943472 9685.356127 12720.18731 13172.73291 15515.48983 35038.41471 45121.39542 73142.66145 159578.0986 237590.1846 308045.2564 1277941.362 1436001.029
      sorted:	 0.5214614699 0.8418387769 232.4289941 308.0344823 324.5149167 708.5144162 831.2107536 956.8150700 1131.905214 1257.690838 1495.480849 1645.862359 1756.973526 1822.971774 1850.820412 2052.131149 2268.472337 2420.550862 2583.686247 2812.685644 2863.456687 3002.394665 3379.576938 3565.761549 3847.081219 3958.007818 4029.653202 4184.037390 4641.859167 4923.285127 5173.737590 5957.672216 7380.857541 7869.713880 9146.943472 9685.356127 12720.18731 13172.73291 15515.48983 35038.41471 45121.39542 73142.66145 159578.0986 237590.1846 308045.2564 1277941.362 1436001.029
