    unsorted:	 1019.412789 1020.937376 1022.280056 1023.412820 1025.754811 1027.067018 1030.038306 1014.737783 1010.680082 1011.842471 1007.813105 1006.709530 1003.846294 1002.159283 999.9538392 1036.771347 1039.866645 994.9261655 992.5123199 991.0989742 989.4322008 987.4248060 1044.752198 1047.952372 1049.438675 1051.339350 1052.027279 983.2738254 977.6521275 1067.250157 1069.286043 1079.929231 961.0060088 963.1139979 957.4048866 1090.438383 1104.184636 1108.106102 1117.935063 1118.472885 1121.599823 946.8826871 1135.743271 1144.354122 1154.569551 912.4648827 904.4677675 1191.109355 1210.717483 1216.130283 1218.484600 1230.609586 1244.372707 874.9807046 1260.150975 1271.735093 1293.070404 1301.965332 1315.231441 1313.984124 1329.934606 1340.961292 822.7878483 1357.276091 799.6095434 1382.096004 771.9532829 745.0860635 717.9513708 1458.325590 1464.059002 1509.253819 1613.271096 0.009454187550 0.005232086457 1714.555660 1755.354136 1934.992718 1931.763443 357.9666584 321.1104058 1995.394135 252.6752084 2066.815968 2129.186835 2160.070053 2265.307307 2295.737515 2330.096751 2349.977902 83.31047641 79.18976288 2413.819138 2515.077905 2672.888666 2778.225563 2828.766466 2937.767743 2994.277894 3213.078545 3289.307506 3315.061857 3549.345060 3905.674213 4309.177751 4524.431584 4927.018562 5472.142871 7985.293319 8429.531156 8790.839629 14861.05864 35064.11440 67345.32012 87143.01053 121994.8470 160035.0182 217398.9642 1068883.730 2993595.887 2.476308027e+11
      sorted:	 0.005232086457 0.009454187550 79.18976288 83.31047641 252.6752084 321.1104058 357.9666584 717.9513708 745.0860635 771.9532829 799.6095434 822.7878483 874.9807046 904.4677675 912.4648827 946.8826871 957.4048866 961.0060088 963.1139979 977.6521275 983.2738254 987.4248060 989.4322008 991.0989742 992.5123199 994.9261655 999.9538392 1002.159283 1003.846294 1006.709530 1007.813105 1010.680082 1011.842471 1014.737783 1019.412789 1020.937376 1022.280056 1023.412820 1025.754811 1027.067018 1030.038306 1036.771347 1039.866645 1044.752198 1047.952372 1049.438675 1051.339350 1052.027279 1067.250157 1069.286043 1079.929231 1090.438383 1104.184636 1108.106102 1117.935063 1118.472885 1121.599823 1135.743271 1144.354122 1154.569551 1191.109355 1210.717483 1216.130283 1218.484600 1230.609586 1244.372707 1260.150975 1271.735093 1293.070404 1301.965332 1313.984124 1315.231441 1329.934606 1340.961292 1357.276091 1382.096004 1458.325590 1464.059002 1509.253819 1613.271096 1714.555660 1755.354136 1931.763443 1934.992718 1995.394135 2066.815968 2129.186835 2160.070053 2265.307307 2295.737515 2330.096751 2349.977902 2413.819138 2515.077905 2672.888666 2778.225563 2828.766466 2937.767743 2994.277894 3213.078545 3289.307506 3315.061857 3549.345060 3905.674213 4309.177751 4524.431584 4927.018562 5472.142871 7985.293319 8429.531156 8790.839629 14861.05864 35064.11440 67345.32012 87143.01053 121994.8470 160035.0182 217398.9642 1068883.730 2993595.887 2.476308027e+11
