    unsorted:	 171.3472991 171.3472991 171.3472991 0.004859659202 0.8059810155 3.806283598 404.4247019 415.7621415 436.6773616 385.7167064 373.6624945 334.2982364 466.5221754 188.5444702 598.3049771 87.54716507 719.0178233 1072.083711 1212.871673 1190.497834 1289.626584 1636.531918 1685.175222 1822.900323 1895.571555 1981.312779 2212.721193 2350.936757 2428.210564 2973.234913 3082.533795 3609.269690 3730.480238 4074.260101 4473.259216 5434.608354 6109.368508 7170.523601 8759.932426 11910.80502 14346.22820 17956.27682 23556.48283 34120.78566 46379.14126 103981.5365 119388.6327 204931.6191 330584.4198 1502297.817
      sorted:	 0.004859659202 0.8059810155 3.806283598 87.54716507 171.3472991 171.3472991 171.3472991 188.5444702 334.2982364 373.6624945 385.7167064 404.4247019 415.7621415 436.6773616 466.5221754 598.3049771 719.0178233 1072.083711 1190.497834 1212.871673 1289.626584 1636.531918 1685.175222 1822.900323 1895.571555 1981.312779 2212.721193 2350.936757 2428.210564 2973.234913 3082.533795 3609.269690 3730.480238 4074.260101 4473.259216 5434.608354 6109.368508 7170.523601 8759.932426 11910.80502 14346.22820 17956.27682 23556.48283 34120.78566 46379.14126 103981.5365 119388.6327 204931.6191 330584.4198 1502297.817
