    unsorted:	 1025.207463 1026.684195 1027.990012 1031.642341 1019.885020 1018.211175 1015.783711 1037.894814 1045.168884 1048.202211 1053.358667 1006.972083 1066.224184 1067.485513 1061.499853 1071.263269 1004.354995 1000.102828 999.9137130 994.7828990 990.3970715 988.5186162 1083.836471 1098.944927 1101.041127 1114.002735 1114.540343 1111.407423 1116.956840 1120.306558 1140.162181 1145.056094 1146.739570 1148.586526 970.5179932 1162.732301 1169.994937 1185.714500 1204.899145 1215.903504 1225.707272 1233.503786 929.4783055 923.9144633 1250.285565 1275.793256 1285.037506 895.6743978 1313.993224 1330.529229 1355.746316 1377.077250 1391.031543 852.4379887 1405.595280 1426.433835 819.8653654 807.0513676 1453.493381 1462.286703 1531.748477 1550.401492 1569.788451 736.5122748 1602.640363 1666.733514 1688.996736 1703.370001 1790.311466 1829.996570 1885.251628 1935.965198 1938.100313 347.3114263 330.3823997 2122.548046 2157.340856 2187.478117 255.2637461 2247.584030 2310.768011 111.1090752 3.899487813 -11.15898782 2487.960411 2536.520568 2653.919590 2988.719938 3295.055768 3624.807883 3918.977903 4146.340870 4744.278477 5139.990566 6933.755528 7499.751930 -5585.147987 10440.01177 14026.46489 18184.62754 21851.61304 23837.56456 25532.54415 28628.22834 35056.49142 33631.55084 37225.83308 38303.33260 39841.46032 41550.80667 46671.25609 51635.45837 78693.13021 93074.16892 141738.8470 172441.1997 231982.9041 322811.7527 4125529.890 -15812103.83 1.351475350e+11
      sorted:	 -15812103.83 -5585.147987 -11.15898782 3.899487813 111.1090752 255.2637461 330.3823997 347.3114263 736.5122748 807.0513676 819.8653654 852.4379887 895.6743978 923.9144633 929.4783055 970.5179932 988.5186162 990.3970715 994.7828990 999.9137130 1000.102828 1004.354995 1006.972083 1015.783711 1018.211175 1019.885020 1025.207463 1026.684195 1027.990012 1031.642341 1037.894814 1045.168884 1048.202211 1053.358667 1061.499853 1066.224184 1067.485513 1071.263269 1083.836471 1098.944927 1101.041127 1111.407423 1114.002735 1114.540343 1116.956840 1120.306558 1140.162181 1145.056094 1146.739570 1148.586526 1162.732301 1169.994937 1185.714500 1204.899145 1215.903504 1225.707272 1233.503786 1250.285565 1275.793256 1285.037506 1313.993224 1330.529229 1355.746316 1377.077250 1391.031543 1405.595280 1426.433835 1453.493381 1462.286703 1531.748477 1550.401492 1569.788451 1602.640363 1666.733514 1688.996736 1703.370001 1790.311466 1829.996570 1885.251628 1935.965198 1938.100313 2122.548046 2157.340856 2187.478117 2247.584030 2310.768011 2487.960411 2536.520568 2653.919590 2988.719938 3295.055768 3624.807883 3918.977903 4146.340870 4744.278477 5139.990566 6933.755528 7499.751930 10440.01177 14026.46489 18184.62754 21851.61304 23837.56456 25532.54415 28628.22834 33631.55084 35056.49142 37225.83308 38303.33260 39841.46032 41550.80667 46671.25609 51635.45837 78693.13021 93074.16892 141738.8470 172441.1997 231982.9041 322811.7527 4125529.890 1.351475350e+11
