    unsorted:	 1094.447480 1093.201274 1091.976899 1096.298494 1100.526755 1083.135306 1113.229011 1111.416256 1117.129597 1073.918363 1070.042342 1058.989713 1053.976686 1052.587970 1126.038545 1035.507151 1029.322771 1028.155871 1022.977173 1018.332157 1018.618248 1016.378257 1008.972477 1005.847249 1001.672561 999.4140190 994.2743277 992.4843077 1135.883042 1138.944564 1145.665067 1152.155700 1158.122977 975.9033689 969.8685847 1173.781192 1205.226549 946.3707562 1217.914368 1229.874111 929.9559262 925.9035696 1246.385008 919.2598417 1267.964679 1274.423535 1275.500468 1276.609199 1300.126310 1310.680928 1337.154488 1368.466842 852.6636201 836.2149029 1397.170796 1421.157218 1437.840753 1433.657560 1464.462069 781.9839019 1514.881122 1539.544163 1561.100496 1597.907044 1598.731443 1690.120873 1724.262358 1757.310378 1764.319959 1777.977381 1829.438276 582.0125710 1881.449540 520.1747802 2001.549091 1987.470031 2006.735495 336.9656096 2169.564357 248.3506123 2256.025744 2295.909214 2361.144830 2435.811236 54.64567976 -46.26393017 2732.633008 3318.895749 3654.065273 3949.864982 4124.185068 4701.347639 5703.189606 6031.300267 8735.139052 10067.21191 13632.13789 14802.55187 17914.32083 18968.86211 20800.60595 21565.64376 22987.17291 25123.49031 28145.69045 29753.20749 35054.32022 38596.68895 43416.05023 44395.32649 47166.73221 53519.38111 80078.05026 97661.45190 165034.7908 210221.9555 358307.1590 558544.6526 6952184.739 -1126962051. 2.093755672e+12
      sorted:	 -1126962051. -46.26393017 54.64567976 248.3506123 336.9656096 520.1747802 582.0125710 781.9839019 836.2149029 852.6636201 919.2598417 925.9035696 929.9559262 946.3707562 969.8685847 975.9033689 992.4843077 994.2743277 999.4140190 1001.672561 1005.847249 1008.972477 1016.378257 1018.332157 1018.618248 1022.977173 1028.155871 1029.322771 1035.507151 1052.587970 1053.976686 1058.989713 1070.042342 1073.918363 1083.135306 1091.976899 1093.201274 1094.447480 1096.298494 1100.526755 1111.416256 1113.229011 1117.129597 1126.038545 1135.883042 1138.944564 1145.665067 1152.155700 1158.122977 1173.781192 1205.226549 1217.914368 1229.874111 1246.385008 1267.964679 1274.423535 1275.500468 1276.609199 1300.126310 1310.680928 1337.154488 1368.466842 1397.170796 1421.157218 1433.657560 1437.840753 1464.462069 1514.881122 1539.544163 1561.100496 1597.907044 1598.731443 1690.120873 1724.262358 1757.310378 1764.319959 1777.977381 1829.438276 1881.449540 1987.470031 2001.549091 2006.735495 2169.564357 2256.025744 2295.909214 2361.144830 2435.811236 2732.633008 3318.895749 3654.065273 3949.864982 4124.185068 4701.347639 5703.189606 6031.300267 8735.139052 10067.21191 13632.13789 14802.55187 17914.32083 18968.86211 20800.60595 21565.64376 22987.17291 25123.49031 28145.69045 29753.20749 35054.32022 38596.68895 43416.05023 44395.32649 47166.73221 53519.38111 80078.05026 97661.45190 165034.7908 210221.9555 358307.1590 558544.6526 6952184.739 2.093755672e+12
