    unsorted:	 0.1206360284 0.8951721473 2.560484853 5.339574321 10.31397360 128.4479698 257.2634051 354.6783992 586.1325453 1034.868941 1079.813582 1315.237192 1409.268299 1534.963397 1957.455749 2089.488153 2186.147023 2315.602724 2388.884852 2506.060874 2607.058312 3346.357789 4358.202068 5026.843710 5480.512710 7113.785355 7622.626224 8504.515664 10023.26484 12910.57364 13726.28178 14777.50411 15980.30222 18823.36634 21744.57496 23357.62445 27171.49791 30916.67386 31803.43009 35086.55863 37309.79949 45225.29250 49417.50853 56468.09605 63199.61717 84874.51302 87852.54800 92318.46189 151092.3228 204415.8969 260835.5707 1634080.914 6929862.114
      sorted:	 0.1206360284 0.8951721473 2.560484853 5.339574321 10.31397360 128.4479698 257.2634051 354.6783992 586.1325453 1034.868941 1079.813582 1315.237192 1409.268299 1534.963397 1957.455749 2089.488153 2186.147023 2315.602724 2388.884852 2506.060874 2607.058312 3346.357789 4358.202068 5026.843710 5480.512710 7113.785355 7622.626224 8504.515664 10023.26484 12910.57364 13726.28178 14777.50411 15980.30222 18823.36634 21744.57496 23357.62445 27171.49791 30916.67386 31803.43009 35086.55863 37309.79949 45225.29250 49417.50853 56468.09605 63199.61717 84874.51302 87852.54800 92318.46189 151092.3228 204415.8969 260835.5707 1634080.914 6929862.114
