    unsorted:	 1874.116721 1856.141878 1910.563276 2003.302920 1708.888325 1465.829427 1344.589894 1280.417059 2210.053739 1062.529781 1012.095259 2395.747297 631.5005449 360.8485258 265.2183420 0.1253648071 62.78532094 3159.001894 3322.578524 3615.472117 3892.542294 4084.395203 5462.870899 5756.752465 9657.946863 12397.10960 13959.15979 16756.14340 18107.64044 18774.44597 20348.48849 23217.59705 24229.50986 30385.15393 31024.20160 33601.32441 35075.68446 47178.07865 49452.75899 55053.55092 64770.93129 78219.43934 84161.32147 91616.02103 131115.0767 167747.8344 240907.3827 1620144.500 6592222.544
      sorted:	 0.1253648071 62.78532094 265.2183420 360.8485258 631.5005449 1012.095259 1062.529781 1280.417059 1344.589894 1465.829427 1708.888325 1856.141878 1874.116721 1910.563276 2003.302920 2210.053739 2395.747297 3159.001894 3322.578524 3615.472117 3892.542294 4084.395203 5462.870899 5756.752465 9657.946863 12397.10960 13959.15979 16756.14340 18107.64044 18774.44597 20348.48849 23217.59705 24229.50986 30385.15393 31024.20160 33601.32441 35075.68446 47178.07865 49452.75899 55053.55092 64770.93129 78219.43934 84161.32147 91616.02103 131115.0767 167747.8344 240907.3827 1620144.500 6592222.544
