    unsorted:	 171.3472991 171.3472991 171.3472991 514.9792215 536.3030945 489.6243717 616.6425927 366.7708103 754.6488453 886.6297424 1225.141269 1255.561251 187.5795173 1475.745260 1663.614512 0.7716664091 1954.112458 1920.027803 2080.551532 2137.976291 2249.008253 2393.040406 0.4579154342 2811.048173 3600.948214 3690.448833 3894.539598 4052.500951 4249.572121 4438.978753 4558.003319 4749.144962 5157.373664 5670.546881 6702.751927 8615.714687 10747.78407 12589.78422 15621.10838 35067.28990 40311.40278 62589.27961 116654.5503 208678.4350 305898.8159 577736.2200 1268992.203
      sorted:	 0.4579154342 0.7716664091 171.3472991 171.3472991 171.3472991 187.5795173 366.7708103 489.6243717 514.9792215 536.3030945 616.6425927 754.6488453 886.6297424 1225.141269 1255.561251 1475.745260 1663.614512 1920.027803 1954.112458 2080.551532 2137.976291 2249.008253 2393.040406 2811.048173 3600.948214 3690.448833 3894.539598 4052.500951 4249.572121 4438.978753 4558.003319 4749.144962 5157.373664 5670.546881 6702.751927 8615.714687 10747.78407 12589.78422 15621.10838 35067.28990 40311.40278 62589.27961 116654.5503 208678.4350 305898.8159 577736.2200 1268992.203
