    unsorted:	 171.3472991 171.3472991 171.3472991 524.0789125 494.7862774 641.3736483 678.7425719 390.5909915 1048.874477 1219.469512 1259.713934 198.5539301 1569.951270 1743.720570 1783.563595 1915.627427 2116.437034 2194.337545 2289.743835 0.8566081609 0.4594563438 3218.259379 3689.127540 4057.031627 4203.775220 4587.522443 4768.920283 5107.350755 5340.447025 5722.600899 5970.135468 6390.411718 7201.598623 7615.178631 11389.87164 13892.19114 16664.33958 19701.00090 23839.84575 35057.80003 46984.77390 61977.84763 135398.4772 216170.4981 314182.4644 730788.6967 2214166.134
      sorted:	 0.4594563438 0.8566081609 171.3472991 171.3472991 171.3472991 198.5539301 390.5909915 494.7862774 524.0789125 641.3736483 678.7425719 1048.874477 1219.469512 1259.713934 1569.951270 1743.720570 1783.563595 1915.627427 2116.437034 2194.337545 2289.743835 3218.259379 3689.127540 4057.031627 4203.775220 4587.522443 4768.920283 5107.350755 5340.447025 5722.600899 5970.135468 6390.411718 7201.598623 7615.178631 11389.87164 13892.19114 16664.33958 19701.00090 23839.84575 35057.80003 46984.77390 61977.84763 135398.4772 216170.4981 314182.4644 730788.6967 2214166.134
