    unsorted:	 1956.312074 1987.004717 1723.696473 1812.546838 1532.592889 1417.400070 1365.177056 2137.009338 2271.573765 1088.725747 1005.997486 2474.340073 633.2460041 354.3394514 257.0056345 0.1208860374 39.80659894 3200.940217 3399.248580 3680.789495 3875.018496 4222.985498 4936.716891 5715.592702 10038.09620 12496.89327 15964.77342 16490.09569 20613.01137 20647.32226 21830.86209 24329.18941 27234.87392 30625.61922 31307.34061 35068.14211 35998.12967 46252.65767 45886.79001 51811.78920 55289.53076 74609.39094 85746.27728 132623.5864 166370.3384 240227.9729 1694010.516 6487517.741
      sorted:	 0.1208860374 39.80659894 257.0056345 354.3394514 633.2460041 1005.997486 1088.725747 1365.177056 1417.400070 1532.592889 1723.696473 1812.546838 1956.312074 1987.004717 2137.009338 2271.573765 2474.340073 3200.940217 3399.248580 3680.789495 3875.018496 4222.985498 4936.716891 5715.592702 10038.09620 12496.89327 15964.77342 16490.09569 20613.01137 20647.32226 21830.86209 24329.18941 27234.87392 30625.61922 31307.34061 35068.14211 35998.12967 45886.79001 46252.65767 51811.78920 55289.53076 74609.39094 85746.27728 132623.5864 166370.3384 240227.9729 1694010.516 6487517.741
