    unsorted:	 2134.176811 2186.257087 2216.447404 1938.376491 1863.873491 1625.447868 1504.950222 1470.819704 1191.611947 1142.384479 2640.052733 725.5466634 3307.308946 3174.766064 383.4691956 296.7442183 5.630324726 3751.034440 3981.650511 4129.661657 -247.6299989 5044.616622 6274.960452 9478.431371 12360.77626 16302.64279 18393.49840 19249.48344 21258.75772 21750.66999 22684.56271 28485.44738 35057.53083 35269.18109 37515.37231 45041.74805 49372.81692 60999.39772 66928.32017 80485.45327 107053.1721 109045.2602 236101.1566 318637.3379 308367.7410 392995.0118 7364075.304 -157929578.3 8.503208875e+11
      sorted:	 -157929578.3 -247.6299989 5.630324726 296.7442183 383.4691956 725.5466634 1142.384479 1191.611947 1470.819704 1504.950222 1625.447868 1863.873491 1938.376491 2134.176811 2186.257087 2216.447404 2640.052733 3174.766064 3307.308946 3751.034440 3981.650511 4129.661657 5044.616622 6274.960452 9478.431371 12360.77626 16302.64279 18393.49840 19249.48344 21258.75772 21750.66999 22684.56271 28485.44738 35057.53083 35269.18109 37515.37231 45041.74805 49372.81692 60999.39772 66928.32017 80485.45327 107053.1721 109045.2602 236101.1566 308367.7410 318637.3379 392995.0118 7364075.304 8.503208875e+11
