    unsorted:	 1237.243833 1333.402166 1302.956356 1131.818228 1095.067475 1436.730990 1505.752647 1560.528897 989.8526245 1648.890638 1760.484975 1804.641701 944.2186556 1876.914314 1988.863959 802.1183102 720.5535101 631.2178936 611.7387667 2100.412636 2185.306402 2203.125481 437.3514030 315.3153823 242.3834864 174.9262440 196.4445449 2403.077331 2647.553966 4045.368771 4986.944733 5589.582381 6892.149497 9084.195938 10418.57196 10697.78867 11478.44184 11969.78209 13285.74235 15231.43722 17640.18675 21178.19695 35059.39823 84350.94605 106585.2317 263510.3299 267964.6297 292277.0465 629291.9353
      sorted:	 174.9262440 196.4445449 242.3834864 315.3153823 437.3514030 611.7387667 631.2178936 720.5535101 802.1183102 944.2186556 989.8526245 1095.067475 1131.818228 1237.243833 1302.956356 1333.402166 1436.730990 1505.752647 1560.528897 1648.890638 1760.484975 1804.641701 1876.914314 1988.863959 2100.412636 2185.306402 2203.125481 2403.077331 2647.553966 4045.368771 4986.944733 5589.582381 6892.149497 9084.195938 10418.57196 10697.78867 11478.44184 11969.78209 13285.74235 15231.43722 17640.18675 21178.19695 35059.39823 84350.94605 106585.2317 263510.3299 267964.6297 292277.0465 629291.9353
