    unsorted:	 2190.623629 2153.171871 2220.411069 1984.243997 1658.780620 1732.262110 1604.473171 1481.079197 1389.625947 2493.686689 945.5624203 0.1457824003 0.5136902601 382.6690119 393.3267913 451.1304695 3145.434877 3376.044806 3693.047944 3626.984527 3912.497213 6944.764249 8246.092214 13183.48821 14685.46588 15114.26875 19369.44169 20120.58950 23270.77372 24357.94282 27561.63635 35033.65249 37951.71793 40297.54002 50269.19879 55341.80311 60582.44979 69166.26760 68056.45449 79169.77574 87710.89230 119489.7123 133491.4639 178392.1934 193842.6798 238747.5335 268060.5765 1950470.432 23924084.29
      sorted:	 0.1457824003 0.5136902601 382.6690119 393.3267913 451.1304695 945.5624203 1389.625947 1481.079197 1604.473171 1658.780620 1732.262110 1984.243997 2153.171871 2190.623629 2220.411069 2493.686689 3145.434877 3376.044806 3626.984527 3693.047944 3912.497213 6944.764249 8246.092214 13183.48821 14685.46588 15114.26875 19369.44169 20120.58950 23270.77372 24357.94282 27561.63635 35033.65249 37951.71793 40297.54002 50269.19879 55341.80311 60582.44979 68056.45449 69166.26760 79169.77574 87710.89230 119489.7123 133491.4639 178392.1934 193842.6798 238747.5335 268060.5765 1950470.432 23924084.29
