    unsorted:	 28.08255257 27.23302985 22.63956817 0.1149114270 61.80600451 257.2340707 354.5094854 569.9656640 935.0163359 1069.321864 1409.308526 1306.046972 1529.482173 1738.389996 1662.158959 1837.534985 1959.513323 2044.260286 2119.185467 2237.860671 2699.129753 2920.402675 3097.321137 3504.553117 3786.189090 4454.919267 5045.624253 6829.968541 9189.003692 11000.23265 12072.82058 15549.52770 20316.43907 21372.91950 23561.34721 27087.76294 30015.04294 32535.97175 35076.96294 37671.80060 38912.24521 43065.73938 45878.21698 48268.87848 55999.81838 61271.91404 97014.68711 102859.0777 108228.5127 115232.6805 1537961.861 7524491.943
      sorted:	 0.1149114270 22.63956817 27.23302985 28.08255257 61.80600451 257.2340707 354.5094854 569.9656640 935.0163359 1069.321864 1306.046972 1409.308526 1529.482173 1662.158959 1738.389996 1837.534985 1959.513323 2044.260286 2119.185467 2237.860671 2699.129753 2920.402675 3097.321137 3504.553117 3786.189090 4454.919267 5045.624253 6829.968541 9189.003692 11000.23265 12072.82058 15549.52770 20316.43907 21372.91950 23561.34721 27087.76294 30015.04294 32535.97175 35076.96294 37671.80060 38912.24521 43065.73938 45878.21698 48268.87848 55999.81838 61271.91404 97014.68711 102859.0777 108228.5127 115232.6805 1537961.861 7524491.943
