    unsorted:	 1844.703629 1831.679928 1985.220127 1729.208963 1536.562997 1415.150994 1363.872809 2159.627310 2303.098531 2489.161449 1086.620797 1009.749062 2676.337892 2919.077222 632.3500502 354.3995844 256.9514950 0.09881468251 3410.584145 3528.625874 4310.722560 4907.282297 5579.377810 9938.208224 12739.13045 14538.35848 16140.09906 20752.09698 21825.94780 23915.19492 27185.51998 30697.24510 35065.79574 36353.17213 41106.22976 44425.27287 47256.36110 52638.94150 57118.83170 75337.96691 81422.11974 90245.82462 132972.9778 238780.1166 1502602.778 6753647.671
      sorted:	 0.09881468251 256.9514950 354.3995844 632.3500502 1009.749062 1086.620797 1363.872809 1415.150994 1536.562997 1729.208963 1831.679928 1844.703629 1985.220127 2159.627310 2303.098531 2489.161449 2676.337892 2919.077222 3410.584145 3528.625874 4310.722560 4907.282297 5579.377810 9938.208224 12739.13045 14538.35848 16140.09906 20752.09698 21825.94780 23915.19492 27185.51998 30697.24510 35065.79574 36353.17213 41106.22976 44425.27287 47256.36110 52638.94150 57118.83170 75337.96691 81422.11974 90245.82462 132972.9778 238780.1166 1502602.778 6753647.671
