    unsorted:	 1628.117036 1584.408394 1710.921370 1492.558765 1765.050963 1881.923859 1946.108519 2010.550327 1326.365386 1199.794860 1168.363388 1117.550938 2122.844994 936.5423837 697.0905402 741.1717346 2362.071576 2453.292130 2499.896091 2520.365576 546.1650860 402.8161893 379.1763313 263.6322765 226.0613677 183.9380364 2703.111586 2802.995278 3044.174296 3421.361267 5392.329805 7405.589520 11430.35991 11865.95372 12353.45888 13492.11863 14769.03632 15714.06811 20107.28212 24996.53497 29192.77960 35083.16587 35648.09918 75041.77688 100884.6762 159497.1238 205387.5273 253632.8622 1074182.445
      sorted:	 183.9380364 226.0613677 263.6322765 379.1763313 402.8161893 546.1650860 697.0905402 741.1717346 936.5423837 1117.550938 1168.363388 1199.794860 1326.365386 1492.558765 1584.408394 1628.117036 1710.921370 1765.050963 1881.923859 1946.108519 2010.550327 2122.844994 2362.071576 2453.292130 2499.896091 2520.365576 2703.111586 2802.995278 3044.174296 3421.361267 5392.329805 7405.589520 11430.35991 11865.95372 12353.45888 13492.11863 14769.03632 15714.06811 20107.28212 24996.53497 29192.77960 35083.16587 35648.09918 75041.77688 100884.6762 159497.1238 205387.5273 253632.8622 1074182.445
