    unsorted:	 1232.380130 1327.747107 1290.200018 1120.650256 1090.150956 985.5430618 967.0353643 1427.022373 1500.072949 1551.205658 1637.732002 1742.869844 1804.409156 796.4719321 1865.110568 1981.440267 726.2183495 628.2483547 607.1337341 2090.389794 2187.222346 2213.885395 432.9995951 312.9287434 241.3643627 174.5549288 194.9851852 2401.467217 2625.797161 3986.341122 4940.994059 5756.411321 7025.945242 8897.953411 10226.03320 10623.30841 11329.99754 11816.34817 13163.53444 15298.71228 17905.76991 21363.17271 35056.67435 85427.58478 107562.1427 269604.4014 280888.0115 308669.4099 632152.5868
      sorted:	 174.5549288 194.9851852 241.3643627 312.9287434 432.9995951 607.1337341 628.2483547 726.2183495 796.4719321 967.0353643 985.5430618 1090.150956 1120.650256 1232.380130 1290.200018 1327.747107 1427.022373 1500.072949 1551.205658 1637.732002 1742.869844 1804.409156 1865.110568 1981.440267 2090.389794 2187.222346 2213.885395 2401.467217 2625.797161 3986.341122 4940.994059 5756.411321 7025.945242 8897.953411 10226.03320 10623.30841 11329.99754 11816.34817 13163.53444 15298.71228 17905.76991 21363.17271 35056.67435 85427.58478 107562.1427 269604.4014 280888.0115 308669.4099 632152.5868
