    unsorted:	 24681.18318 24681.26994 24681.03975 24680.72359 24681.89950 24681.75709 24682.06528 24680.44891 24679.73211 24679.63276 24679.83276 24683.24739 24678.84020 24684.50504 24684.14883 24684.95080 24685.19244 24685.70290 24672.24519 24693.73815 24697.76208 24712.60766 24720.17048 24730.80281 24562.14257 24549.53841 24795.73370 24523.48851 24863.40722 24384.58254 24307.89249 25057.97934 544.1872472 542.9977623 562.2188602 605.4306063 586.8555073 628.0671600 634.2880966 664.2365296 519.8867440 507.2907855 503.5495657 709.4535966 717.2734399 746.8847067 793.8865850 802.6732938 824.0564846 841.9762017 851.0634376 885.1228291 898.1408352 456.9997718 443.9732634 951.0794145 1005.733988 1023.308304 1051.273393 1070.740357 365.5611331 1119.380978 331.7633244 303.9173477 1199.983384 256.9584379 1256.646275 1448.445042 87.67008192 1551.877568 0.1338519806 1639.906859 1747.827922 1791.699299 1852.542392 1887.552757 1960.992957 2084.647359 2159.451985 2181.559727 2281.864059 2442.642898 2549.504450 2912.736061 3511.875002 4114.993738 4009.681955 25175.97469 4980.774252 5309.507257 23935.99326 5895.107424 25678.68411 25783.54456 7860.869759 26268.49913 10210.95959 21335.65770 20012.85983 18987.95190 13755.10646 16659.84071 16022.90683 31489.27268 33684.08795 35076.53847 39500.75900 42882.13069 46144.80271 52908.73153 59457.82420 78611.82743 80331.49249 87668.12978 130415.8909 168660.7515 240800.1474 1604917.950 6428878.064
      sorted:	 0.1338519806 87.67008192 256.9584379 303.9173477 331.7633244 365.5611331 443.9732634 456.9997718 503.5495657 507.2907855 519.8867440 542.9977623 544.1872472 562.2188602 586.8555073 605.4306063 628.0671600 634.2880966 664.2365296 709.4535966 717.2734399 746.8847067 793.8865850 802.6732938 824.0564846 841.9762017 851.0634376 885.1228291 898.1408352 951.0794145 1005.733988 1023.308304 1051.273393 1070.740357 1119.380978 1199.983384 1256.646275 1448.445042 1551.877568 1639.906859 1747.827922 1791.699299 1852.542392 1887.552757 1960.992957 2084.647359 2159.451985 2181.559727 2281.864059 2442.642898 2549.504450 2912.736061 3511.875002 4009.681955 4114.993738 4980.774252 5309.507257 5895.107424 7860.869759 10210.95959 13755.10646 16022.90683 16659.84071 18987.95190 20012.85983 21335.65770 23935.99326 24307.89249 24384.58254 24523.48851 24549.53841 24562.14257 24672.24519 24678.84020 24679.63276 24679.73211 24679.83276 24680.44891 24680.72359 24681.03975 24681.18318 24681.26994 24681.75709 24681.89950 24682.06528 24683.24739 24684.14883 24684.50504 24684.95080 24685.19244 24685.70290 24693.73815 24697.76208 24712.60766 24720.17048 24730.80281 24795.73370 24863.40722 25057.97934 25175.97469 25678.68411 25783.54456 26268.49913 31489.27268 33684.08795 35076.53847 39500.75900 42882.13069 46144.80271 52908.73153 59457.82420 78611.82743 80331.49249 87668.12978 130415.8909 168660.7515 240800.1474 1604917.950 6428878.064
