    unsorted:	 2282.075886 2359.473176 2136.492097 2066.471845 2000.242708 1889.598784 2488.358562 1519.288978 1407.113563 1279.989258 1068.462650 1007.247767 560.5487811 353.2129140 256.5792646 0.1270973455 2.348458185 125.6869854 3362.518879 4241.294491 4716.948362 5143.547424 5894.018322 6621.624329 7883.415199 8409.377935 12397.98822 15099.27589 17884.06587 19040.58070 20525.61159 20669.30881 22860.47946 26244.63555 30634.71705 35083.78725 34596.27054 38004.00804 45391.88281 48199.53396 56403.43799 58660.21986 74686.30033 81468.51431 90076.26154 132422.3940 204231.4941 247342.2603 1800161.259 6630197.660
      sorted:	 0.1270973455 2.348458185 125.6869854 256.5792646 353.2129140 560.5487811 1007.247767 1068.462650 1279.989258 1407.113563 1519.288978 1889.598784 2000.242708 2066.471845 2136.492097 2282.075886 2359.473176 2488.358562 3362.518879 4241.294491 4716.948362 5143.547424 5894.018322 6621.624329 7883.415199 8409.377935 12397.98822 15099.27589 17884.06587 19040.58070 20525.61159 20669.30881 22860.47946 26244.63555 30634.71705 34596.27054 35083.78725 38004.00804 45391.88281 48199.53396 56403.43799 58660.21986 74686.30033 81468.51431 90076.26154 132422.3940 204231.4941 247342.2603 1800161.259 6630197.660
