    unsorted:	 1896.774711 1960.160813 1784.628313 2046.926118 2121.782852 1693.898167 1530.280104 1409.293393 2240.799766 1306.902644 1069.530778 936.1665718 570.7160938 354.3649562 257.1217524 65.96495860 61.72391799 0.1178226037 27.86956928 2929.126302 2999.842688 3463.922865 3724.867380 4233.347236 4685.076030 5462.429093 6936.968713 9424.656254 12130.16028 15668.56887 17845.93542 18325.64237 21326.47685 23698.24627 27407.15992 30549.93670 32753.67663 35074.48510 38764.32671 37917.14898 43411.42773 47712.55371 50361.20544 56859.03329 64287.93035 97836.96574 106232.2152 109621.1756 169031.8939 1608006.850 7635350.382
      sorted:	 0.1178226037 27.86956928 61.72391799 65.96495860 257.1217524 354.3649562 570.7160938 936.1665718 1069.530778 1306.902644 1409.293393 1530.280104 1693.898167 1784.628313 1896.774711 1960.160813 2046.926118 2121.782852 2240.799766 2929.126302 2999.842688 3463.922865 3724.867380 4233.347236 4685.076030 5462.429093 6936.968713 9424.656254 12130.16028 15668.56887 17845.93542 18325.64237 21326.47685 23698.24627 27407.15992 30549.93670 32753.67663 35074.48510 37917.14898 38764.32671 43411.42773 47712.55371 50361.20544 56859.03329 64287.93035 97836.96574 106232.2152 109621.1756 169031.8939 1608006.850 7635350.382
