    unsorted:	 171.3472991 171.3472991 171.3472991 165.8041231 156.4047020 318.5985881 384.4861013 423.5187551 495.7874811 539.0259495 689.6634543 0.7627220115 793.1872188 0.3803072277 1282.710401 1168.109990 1223.503098 1373.480483 1958.486067 2308.706067 2447.178438 2488.993316 3460.102808 3809.406250 4490.012582 4975.026433 5093.790829 5749.233008 6478.694132 6372.819749 6590.854105 7035.932684 8090.210618 10159.29318 10547.91494 13514.24904 18534.25375 28957.50225 39514.46978 39492.38712 62240.11095 84096.28186 131420.5478 143266.0502 275018.6966 852962.6502 4895243.547
      sorted:	 0.3803072277 0.7627220115 156.4047020 165.8041231 171.3472991 171.3472991 171.3472991 318.5985881 384.4861013 423.5187551 495.7874811 539.0259495 689.6634543 793.1872188 1168.109990 1223.503098 1282.710401 1373.480483 1958.486067 2308.706067 2447.178438 2488.993316 3460.102808 3809.406250 4490.012582 4975.026433 5093.790829 5749.233008 6372.819749 6478.694132 6590.854105 7035.932684 8090.210618 10159.29318 10547.91494 13514.24904 18534.25375 28957.50225 39492.38712 39514.46978 62240.11095 84096.28186 131420.5478 143266.0502 275018.6966 852962.6502 4895243.547
