    unsorted:	 986.9168754 986.6429361 985.4523977 985.1825968 989.2625622 990.6062375 991.0915106 981.5351584 996.3578516 1001.186733 1002.157609 976.3100263 975.6131978 1008.606238 1019.622950 1018.180714 1023.041806 1023.403676 1027.493431 1028.976004 1030.784457 971.4338928 1038.349306 1051.631387 1055.204530 1060.412437 964.7962907 1073.083705 1076.690815 1078.457312 1088.644727 1100.096829 1101.268834 1110.188977 1112.697347 1127.959835 1128.619820 1136.765376 1140.361048 1147.142381 1151.616689 1156.405854 909.0925730 1194.914554 1215.730130 1224.240783 1234.328245 891.0302992 1260.365826 1272.418924 1287.881978 1308.409423 1316.148074 855.1648497 848.9405689 1336.463155 1348.122384 1357.562847 831.8340599 1371.536186 1402.796060 789.5580738 1432.343881 1437.779539 1461.706499 687.7746892 1548.367233 1568.888892 1638.481035 1642.734054 1747.651450 1808.166460 1918.572594 345.0093700 338.1242391 1986.729091 2026.924179 253.0249027 0.005314284922 0.02731925940 2087.364414 -0.1324156023 2159.179414 13.22168566 2230.341310 -50.09461957 2439.674098 2460.179923 2730.783579 3162.365912 3274.228603 3416.745023 3468.569241 3625.860634 3796.670676 4374.622923 4779.605652 5524.762712 5962.135114 6838.659375 7280.340280 9071.277134 15928.26884 18786.28868 25938.86351 24811.86267 40325.95746 39612.93561 40912.11313 36892.90043 58375.13309 61791.37036 141947.5844 192116.8947 877921.3423 2123833.411 8178028.943
      sorted:	 -50.09461957 -0.1324156023 0.005314284922 0.02731925940 13.22168566 253.0249027 338.1242391 345.0093700 687.7746892 789.5580738 831.8340599 848.9405689 855.1648497 891.0302992 909.0925730 964.7962907 971.4338928 975.6131978 976.3100263 981.5351584 985.1825968 985.4523977 986.6429361 986.9168754 989.2625622 990.6062375 991.0915106 996.3578516 1001.186733 1002.157609 1008.606238 1018.180714 1019.622950 1023.041806 1023.403676 1027.493431 1028.976004 1030.784457 1038.349306 1051.631387 1055.204530 1060.412437 1073.083705 1076.690815 1078.457312 1088.644727 1100.096829 1101.268834 1110.188977 1112.697347 1127.959835 1128.619820 1136.765376 1140.361048 1147.142381 1151.616689 1156.405854 1194.914554 1215.730130 1224.240783 1234.328245 1260.365826 1272.418924 1287.881978 1308.409423 1316.148074 1336.463155 1348.122384 1357.562847 1371.536186 1402.796060 1432.343881 1437.779539 1461.706499 1548.367233 1568.888892 1638.481035 1642.734054 1747.651450 1808.166460 1918.572594 1986.729091 2026.924179 2087.364414 2159.179414 2230.341310 2439.674098 2460.179923 2730.783579 3162.365912 3274.228603 3416.745023 3468.569241 3625.860634 3796.670676 4374.622923 4779.605652 5524.762712 5962.135114 6838.659375 7280.340280 9071.277134 15928.26884 18786.28868 24811.86267 25938.86351 36892.90043 39612.93561 40325.95746 40912.11313 58375.13309 61791.37036 141947.5844 192116.8947 877921.3423 2123833.411 8178028.943
