    unsorted:	 171.3472991 171.3472991 171.3472991 169.2895994 164.7125741 181.2241336 527.0737073 501.4392341 574.5238335 451.1985307 362.6814221 631.3870067 0.3834212527 0.3940804850 930.7913141 1122.077433 1363.029248 1240.332009 1600.497714 1858.115878 2159.231133 2308.689607 2504.885539 2718.167768 3657.774902 3991.534425 4122.010473 4527.812115 4724.616812 5216.283437 5387.571680 5652.363012 7078.266513 8029.493817 9424.960548 11035.44682 12611.71578 15412.10126 16594.93629 39526.24934 39297.71089 76583.56014 114872.3930 141577.0728 242387.6734 309948.0923 1407203.517
      sorted:	 0.3834212527 0.3940804850 164.7125741 169.2895994 171.3472991 171.3472991 171.3472991 181.2241336 362.6814221 451.1985307 501.4392341 527.0737073 574.5238335 631.3870067 930.7913141 1122.077433 1240.332009 1363.029248 1600.497714 1858.115878 2159.231133 2308.689607 2504.885539 2718.167768 3657.774902 3991.534425 4122.010473 4527.812115 4724.616812 5216.283437 5387.571680 5652.363012 7078.266513 8029.493817 9424.960548 11035.44682 12611.71578 15412.10126 16594.93629 39297.71089 39526.24934 76583.56014 114872.3930 141577.0728 242387.6734 309948.0923 1407203.517
