    unsorted:	 1913.290968 1891.390431 1953.046017 1819.256970 1810.209393 2072.049939 2095.608246 1641.259160 1357.176327 1463.108773 1260.317187 1192.352218 1113.448372 878.8770874 821.5883241 752.5400812 506.5437596 274.7754337 296.4485895 201.9631747 170.0329604 78.52332603 2576.846904 2762.494415 2772.645847 2963.212305 3158.215979 3793.239603 4097.903895 4521.508733 7200.578669 7843.402509 8668.850858 13229.22118 16464.83011 17673.82433 18179.27372 19318.25848 23002.06544 26278.60218 35102.95198 33504.33212 38156.21499 47839.17421 69846.17698 95687.54555 126107.2907 178885.8845 246741.6026 1823801.783
      sorted:	 78.52332603 170.0329604 201.9631747 274.7754337 296.4485895 506.5437596 752.5400812 821.5883241 878.8770874 1113.448372 1192.352218 1260.317187 1357.176327 1463.108773 1641.259160 1810.209393 1819.256970 1891.390431 1913.290968 1953.046017 2072.049939 2095.608246 2576.846904 2762.494415 2772.645847 2963.212305 3158.215979 3793.239603 4097.903895 4521.508733 7200.578669 7843.402509 8668.850858 13229.22118 16464.83011 17673.82433 18179.27372 19318.25848 23002.06544 26278.60218 33504.33212 35102.95198 38156.21499 47839.17421 69846.17698 95687.54555 126107.2907 178885.8845 246741.6026 1823801.783
