    unsorted:	 1942.442660 1917.654047 1980.158772 2071.433294 2255.134523 1494.010942 1398.420819 1334.969476 1642.937596 1071.009666 984.5249426 2413.722169 617.2040969 346.9963929 247.4234381 69.62711283 15.72752916 3328.568458 3251.525490 3698.562558 3879.110702 4105.404466 5001.065622 5779.908936 9768.168404 13042.54751 13697.28070 15616.13060 16434.46377 19946.42618 21841.82986 24699.71923 24090.15025 26009.33283 29205.49879 32411.93968 35066.16929 38466.16875 43469.51017 48406.83000 53178.08789 67483.06730 75465.94944 79655.63301 123218.5403 163703.4018 236426.9966 336738.9870 4902171.788
      sorted:	 15.72752916 69.62711283 247.4234381 346.9963929 617.2040969 984.5249426 1071.009666 1334.969476 1398.420819 1494.010942 1642.937596 1917.654047 1942.442660 1980.158772 2071.433294 2255.134523 2413.722169 3251.525490 3328.568458 3698.562558 3879.110702 4105.404466 5001.065622 5779.908936 9768.168404 13042.54751 13697.28070 15616.13060 16434.46377 19946.42618 21841.82986 24090.15025 24699.71923 26009.33283 29205.49879 32411.93968 35066.16929 38466.16875 43469.51017 48406.83000 53178.08789 67483.06730 75465.94944 79655.63301 123218.5403 163703.4018 236426.9966 336738.9870 4902171.788
