    unsorted:	 2004.187255 1961.913537 1949.292424 1906.270852 2151.477213 2321.467840 2392.225736 1534.373879 1401.804516 1311.020340 1063.071468 1010.639780 0.1241515498 1.649009509 60.00193246 257.3143539 354.7273896 573.0386904 3393.613476 3528.789082 3880.900476 4068.935586 4406.179770 5413.193792 5887.372514 8044.666864 10909.61882 14054.37822 17087.79296 18742.32173 21112.20362 22347.03304 24615.41861 28444.68013 31089.86511 32369.25484 35071.15264 36316.58429 47591.84945 48586.15649 55131.61345 63274.30675 76058.90871 81292.15398 90092.57218 132040.6524 166972.9730 245945.8546 1809833.380 6958105.586
      sorted:	 0.1241515498 1.649009509 60.00193246 257.3143539 354.7273896 573.0386904 1010.639780 1063.071468 1311.020340 1401.804516 1534.373879 1906.270852 1949.292424 1961.913537 2004.187255 2151.477213 2321.467840 2392.225736 3393.613476 3528.789082 3880.900476 4068.935586 4406.179770 5413.193792 5887.372514 8044.666864 10909.61882 14054.37822 17087.79296 18742.32173 21112.20362 22347.03304 24615.41861 28444.68013 31089.86511 32369.25484 35071.15264 36316.58429 47591.84945 48586.15649 55131.61345 63274.30675 76058.90871 81292.15398 90092.57218 132040.6524 166972.9730 245945.8546 1809833.380 6958105.586
