    unsorted:	 1704.110438 1715.863130 1748.262306 1760.347631 1662.868955 1443.424486 1407.001250 1546.436922 1379.097478 1988.515723 1243.881476 2139.496841 2191.000840 2271.208022 1048.469717 924.5442047 829.8413485 2553.250857 2851.982113 2927.523765 3080.709696 3252.779146 357.9291413 309.8906618 262.3689325 0.9481430389 0.1158788971 213.6096199 3585.453930 3821.295390 4187.714790 5938.224396 7844.672772 11776.92920 14304.19694 15364.29775 15779.89731 16810.43735 20428.24305 26676.38487 35065.30959 35433.75746 85259.59933 145324.2448 164609.9685 228032.5512 908103.6346 1078502.133
      sorted:	 0.1158788971 0.9481430389 213.6096199 262.3689325 309.8906618 357.9291413 829.8413485 924.5442047 1048.469717 1243.881476 1379.097478 1407.001250 1443.424486 1546.436922 1662.868955 1704.110438 1715.863130 1748.262306 1760.347631 1988.515723 2139.496841 2191.000840 2271.208022 2553.250857 2851.982113 2927.523765 3080.709696 3252.779146 3585.453930 3821.295390 4187.714790 5938.224396 7844.672772 11776.92920 14304.19694 15364.29775 15779.89731 16810.43735 20428.24305 26676.38487 35065.30959 35433.75746 85259.59933 145324.2448 164609.9685 228032.5512 908103.6346 1078502.133
