    unsorted:	 1584.846409 1621.955565 1488.317364 1809.821063 1873.317544 1377.366181 2009.898695 2104.674489 2160.888355 1270.746855 2325.643854 1151.727786 1011.255322 960.2153904 2442.696239 634.1838741 345.7707349 440.6220679 256.5440501 277.1095042 4.748821937 3044.693049 2947.556832 3111.153803 3411.042121 3892.010316 4371.069273 4550.928102 5094.605567 6320.411215 9728.015117 15523.95562 18492.46169 27395.81730 40953.98336 42455.71539 52546.15689 54305.79295 56729.68496 135057.2682 180341.1220 1767500.259 -1.257956548e+10 4.772096723e+12
      sorted:	 -1.257956548e+10 4.748821937 256.5440501 277.1095042 345.7707349 440.6220679 634.1838741 960.2153904 1011.255322 1151.727786 1270.746855 1377.366181 1488.317364 1584.846409 1621.955565 1809.821063 1873.317544 2009.898695 2104.674489 2160.888355 2325.643854 2442.696239 2947.556832 3044.693049 3111.153803 3411.042121 3892.010316 4371.069273 4550.928102 5094.605567 6320.411215 9728.015117 15523.95562 18492.46169 27395.81730 40953.98336 42455.71539 52546.15689 54305.79295 56729.68496 135057.2682 180341.1220 1767500.259 4.772096723e+12
