    unsorted:	 1584.555951 1621.507529 1488.084712 1809.819377 1873.668513 1376.217785 2010.756266 2105.464923 2161.020335 1282.134660 2326.756960 1161.613127 1011.197652 977.5726825 2436.899049 634.4235078 0.1449899748 0.5742565833 346.4198370 256.6228616 274.6583422 445.5083359 2947.591920 3044.903072 3111.970777 3409.540402 3850.341164 4373.304311 4541.723024 5052.708431 6323.506368 9724.458159 15525.54613 18366.70218 27258.27426 40954.03211 37889.26619 55632.99569 52761.00320 72201.88106 151230.3020 182201.7103 1100735.790 2410501.350
      sorted:	 0.1449899748 0.5742565833 256.6228616 274.6583422 346.4198370 445.5083359 634.4235078 977.5726825 1011.197652 1161.613127 1282.134660 1376.217785 1488.084712 1584.555951 1621.507529 1809.819377 1873.668513 2010.756266 2105.464923 2161.020335 2326.756960 2436.899049 2947.591920 3044.903072 3111.970777 3409.540402 3850.341164 4373.304311 4541.723024 5052.708431 6323.506368 9724.458159 15525.54613 18366.70218 27258.27426 37889.26619 40954.03211 52761.00320 55632.99569 72201.88106 151230.3020 182201.7103 1100735.790 2410501.350
