    unsorted:	 1551.611335 1607.539659 1679.671192 1774.604446 1805.817595 1406.402782 1389.376138 1382.618007 1935.962340 1195.777894 943.2942380 792.8266783 775.1170616 2233.143985 2298.977669 0.09615489379 0.04786566348 360.5572240 262.6469788 302.6932062 83.70536663 2760.593969 2970.972830 3092.934238 3331.873486 3637.601755 4574.552424 5193.998042 8806.593005 10214.50253 13201.65427 14969.70841 20543.34993 23363.90387 28914.49480 35086.24303 36653.33134 49328.48289 53260.03201 57739.02408 68378.72312 81488.83949 90382.19431 106924.6060 134104.5259 162299.0700 244581.8751 354675.3945 4125938.347
      sorted:	 0.04786566348 0.09615489379 83.70536663 262.6469788 302.6932062 360.5572240 775.1170616 792.8266783 943.2942380 1195.777894 1382.618007 1389.376138 1406.402782 1551.611335 1607.539659 1679.671192 1774.604446 1805.817595 1935.962340 2233.143985 2298.977669 2760.593969 2970.972830 3092.934238 3331.873486 3637.601755 4574.552424 5193.998042 8806.593005 10214.50253 13201.65427 14969.70841 20543.34993 23363.90387 28914.49480 35086.24303 36653.33134 49328.48289 53260.03201 57739.02408 68378.72312 81488.83949 90382.19431 106924.6060 134104.5259 162299.0700 244581.8751 354675.3945 4125938.347
