    unsorted:	 1367.161540 1364.874643 1527.447905 1493.861529 1607.835782 1259.563098 1201.878253 1121.508565 1020.405099 1717.685541 1815.078262 1880.711219 1935.178782 917.2963577 831.1154363 2034.052890 676.7574998 634.2964842 605.9803482 2117.726468 2189.308383 2234.613135 459.9551365 328.2093711 247.2763292 203.9722150 176.9919554 2441.648393 2787.178667 4067.101475 4361.647008 5715.452052 6544.542043 9806.342582 11065.37316 11467.38594 12351.93406 12962.08619 13916.06004 14216.69631 16378.08175 20390.13231 35065.28755 79561.87486 101020.3243 210508.6297 225602.5870 252346.7907 581011.8270
      sorted:	 176.9919554 203.9722150 247.2763292 328.2093711 459.9551365 605.9803482 634.2964842 676.7574998 831.1154363 917.2963577 1020.405099 1121.508565 1201.878253 1259.563098 1364.874643 1367.161540 1493.861529 1527.447905 1607.835782 1717.685541 1815.078262 1880.711219 1935.178782 2034.052890 2117.726468 2189.308383 2234.613135 2441.648393 2787.178667 4067.101475 4361.647008 5715.452052 6544.542043 9806.342582 11065.37316 11467.38594 12351.93406 12962.08619 13916.06004 14216.69631 16378.08175 20390.13231 35065.28755 79561.87486 101020.3243 210508.6297 225602.5870 252346.7907 581011.8270
