    unsorted:	 1987.989821 1957.569999 2115.427948 1849.980619 2306.869247 1531.045434 1634.645871 1409.739470 1308.937341 1074.331390 1010.408590 2497.108192 573.3581025 354.2201706 257.0169012 0.1259581366 54.91660261 3301.237475 3450.653140 3743.749830 4008.149079 4265.852537 5043.398773 6034.612805 7184.025271 10140.92974 13211.91635 16098.28872 18357.31976 19489.12132 21359.40096 24523.48958 25972.85055 28921.92498 31466.33491 35072.12143 37939.89184 39693.98731 41923.27415 47037.50030 51091.63628 56671.20397 74129.81591 86207.64571 172465.0161 180965.3225 256521.3144 1461326.665 5662725.641
      sorted:	 0.1259581366 54.91660261 257.0169012 354.2201706 573.3581025 1010.408590 1074.331390 1308.937341 1409.739470 1531.045434 1634.645871 1849.980619 1957.569999 1987.989821 2115.427948 2306.869247 2497.108192 3301.237475 3450.653140 3743.749830 4008.149079 4265.852537 5043.398773 6034.612805 7184.025271 10140.92974 13211.91635 16098.28872 18357.31976 19489.12132 21359.40096 24523.48958 25972.85055 28921.92498 31466.33491 35072.12143 37939.89184 39693.98731 41923.27415 47037.50030 51091.63628 56671.20397 74129.81591 86207.64571 172465.0161 180965.3225 256521.3144 1461326.665 5662725.641
