    unsorted:	 1346.092571 1329.521624 1244.932328 1506.990545 1460.181143 1580.885681 1161.019230 1103.948669 1675.527026 1802.520848 1811.994245 1000.258640 913.0210052 811.4235034 1899.532285 2006.282974 2073.883138 693.8184328 627.9346998 620.4214786 2143.557306 2206.412332 444.8781917 319.5964362 244.1165172 199.3994018 175.8132424 2413.620238 2705.069998 4081.054528 4453.798363 4829.554088 5853.268283 7812.575711 10647.10347 10866.32360 11784.13257 11938.50102 12704.72207 13720.23985 14848.89071 19117.87358 35059.73459 81662.70738 101685.1059 219626.2984 244289.0179 255920.4088 504427.0110
      sorted:	 175.8132424 199.3994018 244.1165172 319.5964362 444.8781917 620.4214786 627.9346998 693.8184328 811.4235034 913.0210052 1000.258640 1103.948669 1161.019230 1244.932328 1329.521624 1346.092571 1460.181143 1506.990545 1580.885681 1675.527026 1802.520848 1811.994245 1899.532285 2006.282974 2073.883138 2143.557306 2206.412332 2413.620238 2705.069998 4081.054528 4453.798363 4829.554088 5853.268283 7812.575711 10647.10347 10866.32360 11784.13257 11938.50102 12704.72207 13720.23985 14848.89071 19117.87358 35059.73459 81662.70738 101685.1059 219626.2984 244289.0179 255920.4088 504427.0110
