    unsorted:	 1311.817457 1216.881474 1252.370098 1136.608811 1086.346920 1033.920493 1408.973619 1487.101517 1522.866007 1609.798437 1703.773006 963.7505409 1810.197881 1831.156226 1962.090188 779.2959911 727.8723149 617.0607538 592.7895075 2066.738550 2184.807383 420.0128138 306.0300740 238.1111440 173.4413140 190.6150558 2274.158276 2411.049273 2571.906785 3806.910404 4674.943731 6256.395526 7490.813316 8469.416107 9664.138775 10379.15253 10981.56025 11464.04792 12809.56625 15139.45378 20304.28964 23790.90339 35045.55920 89387.11221 111492.2946 286900.8445 332002.9649 405452.8276 668649.4193
      sorted:	 173.4413140 190.6150558 238.1111440 306.0300740 420.0128138 592.7895075 617.0607538 727.8723149 779.2959911 963.7505409 1033.920493 1086.346920 1136.608811 1216.881474 1252.370098 1311.817457 1408.973619 1487.101517 1522.866007 1609.798437 1703.773006 1810.197881 1831.156226 1962.090188 2066.738550 2184.807383 2274.158276 2411.049273 2571.906785 3806.910404 4674.943731 6256.395526 7490.813316 8469.416107 9664.138775 10379.15253 10981.56025 11464.04792 12809.56625 15139.45378 20304.28964 23790.90339 35045.55920 89387.11221 111492.2946 286900.8445 332002.9649 405452.8276 668649.4193
