    unsorted:	 1719.531634 1704.411922 1740.384938 1664.596132 1781.973241 1609.397480 1573.769929 1409.195803 1391.850552 2009.569603 1275.954581 1046.001633 2267.959538 2423.669698 2532.154212 921.8140888 803.1615849 2705.945679 2769.005186 2900.633272 0.5952943664 0.1186372683 0.9373162571 356.8761837 262.2093259 301.0430323 3349.742199 3381.534228 3659.631013 4253.566785 5070.538838 5451.896139 8334.084880 11683.34242 11937.93106 13360.92265 14829.90730 15707.84957 17026.73719 21333.04506 35054.99622 49244.46276 88578.57766 159333.8941 239913.4475 659670.9158 925101.6937 2425132.112
      sorted:	 0.1186372683 0.5952943664 0.9373162571 262.2093259 301.0430323 356.8761837 803.1615849 921.8140888 1046.001633 1275.954581 1391.850552 1409.195803 1573.769929 1609.397480 1664.596132 1704.411922 1719.531634 1740.384938 1781.973241 2009.569603 2267.959538 2423.669698 2532.154212 2705.945679 2769.005186 2900.633272 3349.742199 3381.534228 3659.631013 4253.566785 5070.538838 5451.896139 8334.084880 11683.34242 11937.93106 13360.92265 14829.90730 15707.84957 17026.73719 21333.04506 35054.99622 49244.46276 88578.57766 159333.8941 239913.4475 659670.9158 925101.6937 2425132.112
