    unsorted:	 2207.843956 2227.946651 1956.988618 2044.888461 1702.750305 1584.136009 1546.485744 2417.931945 1319.716616 1286.476426 0.1439619405 0.4292273891 339.8583542 413.8122423 825.9470439 705.1278907 2961.415940 3416.149556 3634.455322 3914.683295 4277.871310 5009.285493 7847.740708 9888.085213 12431.35821 14774.71227 19247.69027 20516.50989 21369.48682 24069.05160 23813.52859 29493.80699 35050.32861 36673.04521 41485.97107 50646.59230 50083.99823 56962.66544 64462.27661 74473.27818 81039.00005 86763.36633 110784.3557 119414.2362 142355.4456 191646.0802 240930.3611 1827847.553 12672300.10
      sorted:	 0.1439619405 0.4292273891 339.8583542 413.8122423 705.1278907 825.9470439 1286.476426 1319.716616 1546.485744 1584.136009 1702.750305 1956.988618 2044.888461 2207.843956 2227.946651 2417.931945 2961.415940 3416.149556 3634.455322 3914.683295 4277.871310 5009.285493 7847.740708 9888.085213 12431.35821 14774.71227 19247.69027 20516.50989 21369.48682 23813.52859 24069.05160 29493.80699 35050.32861 36673.04521 41485.97107 50083.99823 50646.59230 56962.66544 64462.27661 74473.27818 81039.00005 86763.36633 110784.3557 119414.2362 142355.4456 191646.0802 240930.3611 1827847.553 12672300.10
