    unsorted:	 1315.016614 1220.257199 1259.930251 1117.222279 1088.348176 1030.487191 1410.248761 1489.129214 1528.539866 967.4913869 1614.647696 1710.041498 1808.284480 1837.821222 782.9050206 728.9643765 619.5530682 595.8550182 1965.599813 2070.582770 422.7181003 2185.149323 307.4381572 238.8227948 173.6739004 191.5265241 2258.899962 2407.083218 2581.316827 3844.204866 4732.664141 6169.949380 7405.010659 8527.097684 9777.533490 10435.20502 11037.76904 11519.41759 12879.83016 15152.19372 19560.66512 22925.95558 35048.37356 88453.64203 110492.9240 283042.3217 318966.5313 377199.8558 653682.5979
      sorted:	 173.6739004 191.5265241 238.8227948 307.4381572 422.7181003 595.8550182 619.5530682 728.9643765 782.9050206 967.4913869 1030.487191 1088.348176 1117.222279 1220.257199 1259.930251 1315.016614 1410.248761 1489.129214 1528.539866 1614.647696 1710.041498 1808.284480 1837.821222 1965.599813 2070.582770 2185.149323 2258.899962 2407.083218 2581.316827 3844.204866 4732.664141 6169.949380 7405.010659 8527.097684 9777.533490 10435.20502 11037.76904 11519.41759 12879.83016 15152.19372 19560.66512 22925.95558 35048.37356 88453.64203 110492.9240 283042.3217 318966.5313 377199.8558 653682.5979
