    unsorted:	 1809.084430 1800.819856 1871.342350 1913.612482 1999.319161 2014.805462 1707.395609 1561.831746 1305.555714 1400.484974 1217.703506 2164.193913 1073.909471 830.8775734 773.0924400 687.9896238 2529.023948 2674.281332 2643.528415 2831.383219 2880.153927 463.8858890 274.1977410 284.9025359 247.7030835 194.6523569 3503.604474 4029.735998 4469.769606 6834.386842 8033.432218 11343.39763 12898.47441 13460.83921 15969.67429 16751.14985 17611.30813 18579.57646 24415.16520 35099.70287 34006.54718 37980.67511 44649.84922 74915.45719 104244.8104 140703.6399 190789.7455 249738.6986 1546098.599
      sorted:	 194.6523569 247.7030835 274.1977410 284.9025359 463.8858890 687.9896238 773.0924400 830.8775734 1073.909471 1217.703506 1305.555714 1400.484974 1561.831746 1707.395609 1800.819856 1809.084430 1871.342350 1913.612482 1999.319161 2014.805462 2164.193913 2529.023948 2643.528415 2674.281332 2831.383219 2880.153927 3503.604474 4029.735998 4469.769606 6834.386842 8033.432218 11343.39763 12898.47441 13460.83921 15969.67429 16751.14985 17611.30813 18579.57646 24415.16520 34006.54718 35099.70287 37980.67511 44649.84922 74915.45719 104244.8104 140703.6399 190789.7455 249738.6986 1546098.599
