    unsorted:	 1770.289860 1785.908748 1737.867576 1688.654571 1573.762485 1929.844590 1993.804539 1311.363496 1357.578568 1239.531727 1160.051947 2108.766578 991.3253526 2455.969678 2502.511881 2314.569771 2547.863907 2690.000720 2770.654168 775.6044420 726.4701615 601.5491891 331.7948179 411.9084832 272.2787334 235.6550063 188.1949720 3119.445825 3699.492080 3999.508777 6036.227046 8132.344799 11475.89576 12322.95916 13633.29699 15063.82595 16269.85886 16832.99602 22033.83535 28025.29825 35088.50378 33628.01712 39673.50326 74915.66366 102493.2676 148829.4473 196209.7903 249596.3501 1224726.913
      sorted:	 188.1949720 235.6550063 272.2787334 331.7948179 411.9084832 601.5491891 726.4701615 775.6044420 991.3253526 1160.051947 1239.531727 1311.363496 1357.578568 1573.762485 1688.654571 1737.867576 1770.289860 1785.908748 1929.844590 1993.804539 2108.766578 2314.569771 2455.969678 2502.511881 2547.863907 2690.000720 2770.654168 3119.445825 3699.492080 3999.508777 6036.227046 8132.344799 11475.89576 12322.95916 13633.29699 15063.82595 16269.85886 16832.99602 22033.83535 28025.29825 33628.01712 35088.50378 39673.50326 74915.66366 102493.2676 148829.4473 196209.7903 249596.3501 1224726.913
