    unsorted:	 0.1190462416 2021.393418 1966.387997 1939.368796 2125.070826 2302.158452 2497.953792 2422.671948 1542.384412 1415.647532 1320.026596 1080.290482 1012.394548 1.744695334 0.2039237417 0.007479328612 257.2122876 354.7757800 586.0905167 3345.557354 3477.404292 3934.303717 4058.601327 4803.023317 5680.334467 6861.584859 8753.174979 13065.89431 17041.72598 19375.56120 21715.30202 28306.11277 30932.13115 31223.31584 35076.63076 34955.10885 39881.67718 42214.12145 44665.00494 48436.19754 58509.51825 64036.10938 78005.31836 87639.95798 98632.38320 121577.3026 149361.2328 240188.5488 992835.5125 1688231.298 6983308.933
      sorted:	 0.007479328612 0.1190462416 0.2039237417 1.744695334 257.2122876 354.7757800 586.0905167 1012.394548 1080.290482 1320.026596 1415.647532 1542.384412 1939.368796 1966.387997 2021.393418 2125.070826 2302.158452 2422.671948 2497.953792 3345.557354 3477.404292 3934.303717 4058.601327 4803.023317 5680.334467 6861.584859 8753.174979 13065.89431 17041.72598 19375.56120 21715.30202 28306.11277 30932.13115 31223.31584 34955.10885 35076.63076 39881.67718 42214.12145 44665.00494 48436.19754 58509.51825 64036.10938 78005.31836 87639.95798 98632.38320 121577.3026 149361.2328 240188.5488 992835.5125 1688231.298 6983308.933
