    unsorted:	 5247.422237 4832.962649 5856.204070 5918.604969 6290.999521 7230.552197 7962.091788 8244.512020 3169.567221 2419.476512 2081.392325 1917.035096 1487.514733 1122.195263 741.8583759 50.00704596 -44.10572035 210.5380590 10974.93172 14046.41371 14144.20800 11979.68989 14638.65646 15544.44248 17339.55667 17685.56396 19210.02768 20594.22820 22287.89670 25276.25001 27560.27506 34767.52551 44251.24921 59037.42952 80962.79220 89974.91740 105002.3213 144347.0759 179019.1610 239339.6724 261347.6807 320169.6533 637335.4847 -984631.1366 1218431.788 5856797.624 1.712156897e+10 -1.557374810e+15 2.974358312e+15
      sorted:	 -1.557374810e+15 -984631.1366 -44.10572035 50.00704596 210.5380590 741.8583759 1122.195263 1487.514733 1917.035096 2081.392325 2419.476512 3169.567221 4832.962649 5247.422237 5856.204070 5918.604969 6290.999521 7230.552197 7962.091788 8244.512020 10974.93172 11979.68989 14046.41371 14144.20800 14638.65646 15544.44248 17339.55667 17685.56396 19210.02768 20594.22820 22287.89670 25276.25001 27560.27506 34767.52551 44251.24921 59037.42952 80962.79220 89974.91740 105002.3213 144347.0759 179019.1610 239339.6724 261347.6807 320169.6533 637335.4847 1218431.788 5856797.624 1.712156897e+10 2.974358312e+15
