    unsorted:	 1932.886682 1987.318886 2178.646524 2244.443805 1677.428655 1547.192461 1511.692196 2354.202597 1255.296526 1224.636477 773.5606523 924.0533789 0.1416384621 0.3376501295 398.4536954 318.1426140 2836.530392 3407.455736 3518.835159 3952.627081 4285.511430 4535.100958 7501.758748 8102.239622 12081.39143 15003.51366 19249.42234 20932.01174 21595.90301 23777.94711 24496.49787 28476.41462 35056.37481 36793.14683 38775.66294 48414.76441 50477.39024 54094.24355 56720.06299 72140.04783 78287.65566 82734.47177 98225.83836 117609.5793 126024.3516 184340.9686 241309.6804 1799039.896 10312657.34
      sorted:	 0.1416384621 0.3376501295 318.1426140 398.4536954 773.5606523 924.0533789 1224.636477 1255.296526 1511.692196 1547.192461 1677.428655 1932.886682 1987.318886 2178.646524 2244.443805 2354.202597 2836.530392 3407.455736 3518.835159 3952.627081 4285.511430 4535.100958 7501.758748 8102.239622 12081.39143 15003.51366 19249.42234 20932.01174 21595.90301 23777.94711 24496.49787 28476.41462 35056.37481 36793.14683 38775.66294 48414.76441 50477.39024 54094.24355 56720.06299 72140.04783 78287.65566 82734.47177 98225.83836 117609.5793 126024.3516 184340.9686 241309.6804 1799039.896 10312657.34
