    unsorted:	 1318.675673 1223.943118 1268.731224 1087.610608 1109.559514 1018.393267 971.5123278 1413.752680 1491.889690 1535.213861 1620.800562 1718.299152 1806.489592 786.9371590 1845.692032 729.4436412 1969.918470 622.2809417 599.2403983 2075.657138 425.7515947 2185.759226 2244.034086 309.0354010 239.5960706 173.9341889 192.5469537 2403.924444 2593.196440 3886.446863 4797.847960 6059.555856 7293.644862 8619.768282 9907.586813 10494.38679 11112.24081 11595.20121 12961.97094 15232.64000 18900.70086 22239.16940 35051.16667 87481.73779 109512.5161 278925.7089 306389.7864 351524.2970 644431.0789
      sorted:	 173.9341889 192.5469537 239.5960706 309.0354010 425.7515947 599.2403983 622.2809417 729.4436412 786.9371590 971.5123278 1018.393267 1087.610608 1109.559514 1223.943118 1268.731224 1318.675673 1413.752680 1491.889690 1535.213861 1620.800562 1718.299152 1806.489592 1845.692032 1969.918470 2075.657138 2185.759226 2244.034086 2403.924444 2593.196440 3886.446863 4797.847960 6059.555856 7293.644862 8619.768282 9907.586813 10494.38679 11112.24081 11595.20121 12961.97094 15232.64000 18900.70086 22239.16940 35051.16667 87481.73779 109512.5161 278925.7089 306389.7864 351524.2970 644431.0789
