    unsorted:	 1597.809220 1593.117549 1613.489423 1533.336470 1508.037404 1468.560212 1406.936810 1687.679282 1373.120096 1814.751763 1281.678223 1944.473198 1117.553423 2062.737569 2139.211896 2252.987554 963.7785227 887.5670807 2411.749914 2503.566547 2556.680853 671.4918098 2744.469629 355.0843275 266.0200332 256.8086943 11.03605476 -0.5060484631 0.2292786446 3040.082486 3331.996610 5242.006140 6907.310557 9102.500120 11127.89504 12270.68812 13452.61223 13706.34482 14790.50086 16171.20652 30805.33926 35078.01804 64364.13169 143106.5955 222453.5621 549744.3350 2885776.164 162401701.2
      sorted:	 -0.5060484631 0.2292786446 11.03605476 256.8086943 266.0200332 355.0843275 671.4918098 887.5670807 963.7785227 1117.553423 1281.678223 1373.120096 1406.936810 1468.560212 1508.037404 1533.336470 1593.117549 1597.809220 1613.489423 1687.679282 1814.751763 1944.473198 2062.737569 2139.211896 2252.987554 2411.749914 2503.566547 2556.680853 2744.469629 3040.082486 3331.996610 5242.006140 6907.310557 9102.500120 11127.89504 12270.68812 13452.61223 13706.34482 14790.50086 16171.20652 30805.33926 35078.01804 64364.13169 143106.5955 222453.5621 549744.3350 2885776.164 162401701.2
