    unsorted:	 1966.845888 1958.073743 2002.513800 2063.058508 1858.482218 1410.719059 1516.923529 1615.202389 2324.817781 1159.670853 1029.334757 961.8043165 2498.312266 0.3680752677 0.1289410530 353.1602298 377.5659478 258.3592064 3331.484086 3517.804992 3877.229963 4033.862828 4486.989454 6326.971459 7204.894508 10014.22232 13518.97743 14596.87661 17523.71767 19587.31929 26863.04566 33388.08311 34585.60390 38314.25022 43575.16585 47177.51345 57374.89874 60077.93633 67065.76511 70109.82363 85864.49699 88492.63253 184330.6263 207950.9753 1705593.636 6186313.124
      sorted:	 0.1289410530 0.3680752677 258.3592064 353.1602298 377.5659478 961.8043165 1029.334757 1159.670853 1410.719059 1516.923529 1615.202389 1858.482218 1958.073743 1966.845888 2002.513800 2063.058508 2324.817781 2498.312266 3331.484086 3517.804992 3877.229963 4033.862828 4486.989454 6326.971459 7204.894508 10014.22232 13518.97743 14596.87661 17523.71767 19587.31929 26863.04566 33388.08311 34585.60390 38314.25022 43575.16585 47177.51345 57374.89874 60077.93633 67065.76511 70109.82363 85864.49699 88492.63253 184330.6263 207950.9753 1705593.636 6186313.124
