    unsorted:	 2001.063454 1972.443792 1930.584697 2074.204297 2134.341330 2342.426557 1685.306889 1539.959632 1410.452960 2506.266336 1182.749204 1031.271702 970.5738833 0.3790500618 0.1301357222 354.4352186 375.5539593 259.4301108 3376.928267 3557.012945 3926.778420 4074.336681 4550.206164 6437.946871 7722.235343 10137.97108 14704.32946 13811.44890 18057.00792 21985.12795 28026.86804 31797.44406 34745.79207 38310.65047 44484.26458 47953.05971 55528.60080 64168.88720 68050.24306 70636.67730 82254.13329 87991.32739 185751.5990 208067.7818 1777858.952 6253679.501
      sorted:	 0.1301357222 0.3790500618 259.4301108 354.4352186 375.5539593 970.5738833 1031.271702 1182.749204 1410.452960 1539.959632 1685.306889 1930.584697 1972.443792 2001.063454 2074.204297 2134.341330 2342.426557 2506.266336 3376.928267 3557.012945 3926.778420 4074.336681 4550.206164 6437.946871 7722.235343 10137.97108 13811.44890 14704.32946 18057.00792 21985.12795 28026.86804 31797.44406 34745.79207 38310.65047 44484.26458 47953.05971 55528.60080 64168.88720 68050.24306 70636.67730 82254.13329 87991.32739 185751.5990 208067.7818 1777858.952 6253679.501
