    unsorted:	 0.7617693477 0.02735401549 2.381035019 9.651316687 5.568166899 17.34865111 27.83310082 62.56341343 102.5969983 257.3697914 354.9612969 631.2149776 934.3211023 1084.375755 1363.627977 1415.526625 1537.467226 2045.001424 1981.353282 2114.808656 2185.538899 2233.222076 2277.786628 2429.751821 2928.744978 4209.467583 4904.610827 5609.226163 6724.440889 7402.226639 9077.337222 12724.57320 15205.45930 15738.00915 19568.59091 20736.03928 22213.24398 23274.63157 26756.67491 29309.51422 30742.75593 32841.91056 35079.69165 37010.77251 43182.20677 47206.63635 54188.10871 59820.16711 63902.75387 83504.39751 88336.68985 92492.22391 104359.9269 104837.1159 213667.8930 5192235.512 1.697526296e+10
      sorted:	 0.02735401549 0.7617693477 2.381035019 5.568166899 9.651316687 17.34865111 27.83310082 62.56341343 102.5969983 257.3697914 354.9612969 631.2149776 934.3211023 1084.375755 1363.627977 1415.526625 1537.467226 1981.353282 2045.001424 2114.808656 2185.538899 2233.222076 2277.786628 2429.751821 2928.744978 4209.467583 4904.610827 5609.226163 6724.440889 7402.226639 9077.337222 12724.57320 15205.45930 15738.00915 19568.59091 20736.03928 22213.24398 23274.63157 26756.67491 29309.51422 30742.75593 32841.91056 35079.69165 37010.77251 43182.20677 47206.63635 54188.10871 59820.16711 63902.75387 83504.39751 88336.68985 92492.22391 104359.9269 104837.1159 213667.8930 5192235.512 1.697526296e+10
