    unsorted:	 1380.411072 1556.409461 1512.002980 1626.190811 1409.636567 1272.054953 1230.713184 1134.555467 1035.631604 1750.314601 1825.309591 1921.765668 1947.521046 933.1600656 845.6382319 2059.176737 683.1141805 644.1233479 579.4087767 2157.935686 2218.537464 2263.694120 470.7947262 334.6828881 249.5941593 207.2194805 177.7435562 2465.369878 2842.103337 3727.632968 4474.923651 6143.908371 6866.569978 10563.96578 11206.57493 12097.59168 12894.57616 13417.59779 14205.26171 14260.00971 19353.39183 22671.82228 35072.86034 78635.42546 101376.8178 199995.8969 226049.6694 255758.9996 668127.5462
      sorted:	 177.7435562 207.2194805 249.5941593 334.6828881 470.7947262 579.4087767 644.1233479 683.1141805 845.6382319 933.1600656 1035.631604 1134.555467 1230.713184 1272.054953 1380.411072 1409.636567 1512.002980 1556.409461 1626.190811 1750.314601 1825.309591 1921.765668 1947.521046 2059.176737 2157.935686 2218.537464 2263.694120 2465.369878 2842.103337 3727.632968 4474.923651 6143.908371 6866.569978 10563.96578 11206.57493 12097.59168 12894.57616 13417.59779 14205.26171 14260.00971 19353.39183 22671.82228 35072.86034 78635.42546 101376.8178 199995.8969 226049.6694 255758.9996 668127.5462
