    unsorted:	 1489.806342 1588.103502 1635.855303 1413.283527 1224.833164 1107.895410 1052.356833 971.8607415 949.2436475 1763.506846 1852.040158 752.6326508 2046.135236 370.1275768 275.8788657 0.1265014347 2464.331598 2664.913904 3107.896334 3337.725172 4085.290011 4400.237744 6239.060805 7862.976846 12144.59957 14582.37942 15894.83349 17267.04038 20538.28797 21816.00075 23452.31732 26443.18236 27275.40987 35079.77509 44072.21040 52667.50423 61494.00824 78174.13967 92256.24507 100556.8958 124626.9267 131136.3806 185409.5820 202606.5692 241022.7784 1821292.448 14338925.94 2.550651894e+10 3.855398784e+12
      sorted:	 0.1265014347 275.8788657 370.1275768 752.6326508 949.2436475 971.8607415 1052.356833 1107.895410 1224.833164 1413.283527 1489.806342 1588.103502 1635.855303 1763.506846 1852.040158 2046.135236 2464.331598 2664.913904 3107.896334 3337.725172 4085.290011 4400.237744 6239.060805 7862.976846 12144.59957 14582.37942 15894.83349 17267.04038 20538.28797 21816.00075 23452.31732 26443.18236 27275.40987 35079.77509 44072.21040 52667.50423 61494.00824 78174.13967 92256.24507 100556.8958 124626.9267 131136.3806 185409.5820 202606.5692 241022.7784 1821292.448 14338925.94 2.550651894e+10 3.855398784e+12
