    unsorted:	 1738.519097 1737.469128 1642.231401 1649.592784 2010.201016 2113.605928 2166.593123 1478.368950 2315.922466 2448.645753 1081.379364 0.1465708818 0.5525722763 416.9103951 501.2186127 26.64418164 3113.445089 3335.088199 3476.737008 3894.410277 4042.495818 6898.596284 7504.673458 13256.13225 14527.86489 16917.38592 18008.08824 18842.51636 20393.45211 22239.34327 27993.27637 35002.29220 48149.73289 47598.30356 59089.33672 63814.32842 70271.77864 73585.84723 79931.51666 89812.91912 94767.86450 161114.5358 181950.5538 202240.9159 229492.7860 241211.3864 498764.2136 2011130.844 44951368.17
      sorted:	 0.1465708818 0.5525722763 26.64418164 416.9103951 501.2186127 1081.379364 1478.368950 1642.231401 1649.592784 1737.469128 1738.519097 2010.201016 2113.605928 2166.593123 2315.922466 2448.645753 3113.445089 3335.088199 3476.737008 3894.410277 4042.495818 6898.596284 7504.673458 13256.13225 14527.86489 16917.38592 18008.08824 18842.51636 20393.45211 22239.34327 27993.27637 35002.29220 47598.30356 48149.73289 59089.33672 63814.32842 70271.77864 73585.84723 79931.51666 89812.91912 94767.86450 161114.5358 181950.5538 202240.9159 229492.7860 241211.3864 498764.2136 2011130.844 44951368.17
