    unsorted:	 1608.177079 1595.171438 1667.222409 1549.855272 1412.405369 1352.773290 1286.828564 1824.026089 1860.203720 1156.595783 1063.896304 1980.289701 988.4724196 874.7005143 2107.256463 2154.091607 2294.498431 2323.926235 2374.939556 701.6237179 662.4362640 512.9628017 491.5899924 2536.185787 348.0364773 253.9376850 213.6818052 179.6024202 2994.824802 3248.318502 4740.772572 6753.030485 8709.723769 11318.56778 11618.45298 13002.30210 13090.61727 14577.76761 17668.40700 18643.75523 24521.47826 31558.36285 35079.05318 76598.48780 99723.77493 180384.4392 217417.6331 257561.3140 857747.7833
      sorted:	 179.6024202 213.6818052 253.9376850 348.0364773 491.5899924 512.9628017 662.4362640 701.6237179 874.7005143 988.4724196 1063.896304 1156.595783 1286.828564 1352.773290 1412.405369 1549.855272 1595.171438 1608.177079 1667.222409 1824.026089 1860.203720 1980.289701 2107.256463 2154.091607 2294.498431 2323.926235 2374.939556 2536.185787 2994.824802 3248.318502 4740.772572 6753.030485 8709.723769 11318.56778 11618.45298 13002.30210 13090.61727 14577.76761 17668.40700 18643.75523 24521.47826 31558.36285 35079.05318 76598.48780 99723.77493 180384.4392 217417.6331 257561.3140 857747.7833
