    unsorted:	 1442.835401 1481.115617 1558.891698 1642.589714 1787.844511 1312.260049 1966.882911 2017.869632 1119.243417 1014.973875 758.8508520 2265.370182 2367.938007 2632.382323 357.7794694 338.7801099 261.3691476 2809.736095 20.26604174 3234.023063 3487.260136 3812.441027 4000.967377 5589.327814 7092.382312 8029.371792 11655.26889 12883.72512 15002.11613 17874.98759 24848.53971 33566.61010 35715.18847 37255.07950 39598.99855 52526.96344 57229.53419 59891.82789 -47860.50289 71242.97903 84559.15930 144193.9417 194992.6965 3163729.379 6928022576.
      sorted:	 -47860.50289 20.26604174 261.3691476 338.7801099 357.7794694 758.8508520 1014.973875 1119.243417 1312.260049 1442.835401 1481.115617 1558.891698 1642.589714 1787.844511 1966.882911 2017.869632 2265.370182 2367.938007 2632.382323 2809.736095 3234.023063 3487.260136 3812.441027 4000.967377 5589.327814 7092.382312 8029.371792 11655.26889 12883.72512 15002.11613 17874.98759 24848.53971 33566.61010 35715.18847 37255.07950 39598.99855 52526.96344 57229.53419 59891.82789 71242.97903 84559.15930 144193.9417 194992.6965 3163729.379 6928022576.
