    unsorted:	 1817.334706 1789.229330 1719.818563 1651.132730 1565.678063 1934.845761 1438.392958 1372.787363 2065.850854 1285.831173 2320.525803 1041.941584 1009.012267 916.7683078 736.4165903 2558.417671 2716.859827 2912.285106 2979.592123 3096.427772 356.1415213 364.8364257 258.0158190 3377.226109 2.387491263 3989.991084 4370.468168 4630.163046 4743.075360 6303.415826 8081.224549 10754.27198 16966.93024 18167.91252 27195.90600 39610.35835 41716.12472 55005.80617 57154.30166 67220.56019 143655.8146 190723.7310 1534356.235 -87533699.29 4.070187816e+11
      sorted:	 -87533699.29 2.387491263 258.0158190 356.1415213 364.8364257 736.4165903 916.7683078 1009.012267 1041.941584 1285.831173 1372.787363 1438.392958 1565.678063 1651.132730 1719.818563 1789.229330 1817.334706 1934.845761 2065.850854 2320.525803 2558.417671 2716.859827 2912.285106 2979.592123 3096.427772 3377.226109 3989.991084 4370.468168 4630.163046 4743.075360 6303.415826 8081.224549 10754.27198 16966.93024 18167.91252 27195.90600 39610.35835 41716.12472 55005.80617 57154.30166 67220.56019 143655.8146 190723.7310 1534356.235 4.070187816e+11
