    unsorted:	 1974.068728 1919.042209 2077.793641 2206.890087 2274.091837 1602.920127 1470.957829 1433.834269 1155.400534 1256.725960 1093.870692 2610.191709 685.6070138 371.1247728 278.8179200 0.1309599431 26.15065772 3452.290151 3349.656199 3913.683438 4135.498078 4310.358547 6047.960021 6689.976287 10632.50317 14123.49593 16464.23935 17474.26007 19569.67481 21427.11880 21747.31461 24532.51356 26540.16048 32231.70179 35062.40628 35130.31126 44046.20388 43196.62532 48012.16141 54534.87012 62198.48795 76586.28752 81325.99218 87211.71907 119457.7333 165476.5437 240584.6825 1600961.644 6670747.605
      sorted:	 0.1309599431 26.15065772 278.8179200 371.1247728 685.6070138 1093.870692 1155.400534 1256.725960 1433.834269 1470.957829 1602.920127 1919.042209 1974.068728 2077.793641 2206.890087 2274.091837 2610.191709 3349.656199 3452.290151 3913.683438 4135.498078 4310.358547 6047.960021 6689.976287 10632.50317 14123.49593 16464.23935 17474.26007 19569.67481 21427.11880 21747.31461 24532.51356 26540.16048 32231.70179 35062.40628 35130.31126 43196.62532 44046.20388 48012.16141 54534.87012 62198.48795 76586.28752 81325.99218 87211.71907 119457.7333 165476.5437 240584.6825 1600961.644 6670747.605
