    unsorted:	 986.5806363 986.7392901 986.3957043 986.0194956 993.1313583 994.1045633 983.9951240 1001.136711 1000.454247 1004.252345 1007.859269 1017.528818 1017.281045 1019.401744 1024.682948 1025.276443 1032.624563 1037.233677 974.9125856 1047.520997 1053.373979 1060.304784 1076.034091 1068.055376 1080.146564 1083.961129 1088.321606 1096.227315 1110.080559 1103.978313 1111.936101 1117.050034 1120.433029 1127.622117 1137.369498 1147.914115 1154.169589 1156.837426 953.0390630 1178.674965 926.6886636 923.0623807 1212.555529 1221.485098 1232.199945 910.6511063 1244.754575 1254.094498 1272.593110 1278.204006 1301.667776 1318.156359 861.6364435 1336.598675 1363.354892 1379.495404 830.6074233 1424.079225 1433.497248 1443.781399 1454.461938 771.6849636 1493.792833 1559.620962 1562.716855 1599.576444 1681.424574 1688.186855 1746.886084 1772.649017 1804.351034 517.4064376 1925.180580 1992.695829 2018.363425 375.9399977 343.3223776 254.9491413 2219.897585 2238.395988 2291.244115 2322.747914 0.5018938815 0.2428435923 2511.205539 -92.04688597 2659.130010 3020.592403 3657.660124 3827.181706 4092.909689 4457.073042 5222.293486 5885.699020 6621.458075 9778.377862 12745.44008 17277.73660 18258.84318 21749.73826 24618.16619 29506.50480 30565.26787 38306.47045 38135.70724 43656.48598 45410.42368 50960.27086 53186.32930 -42921.40962 69693.73626 76047.19575 121967.9785 209165.8611 1088549.037 1785319.760 4558345.616 6.166168638e+10
      sorted:	 -42921.40962 -92.04688597 0.2428435923 0.5018938815 254.9491413 343.3223776 375.9399977 517.4064376 771.6849636 830.6074233 861.6364435 910.6511063 923.0623807 926.6886636 953.0390630 974.9125856 983.9951240 986.0194956 986.3957043 986.5806363 986.7392901 993.1313583 994.1045633 1000.454247 1001.136711 1004.252345 1007.859269 1017.281045 1017.528818 1019.401744 1024.682948 1025.276443 1032.624563 1037.233677 1047.520997 1053.373979 1060.304784 1068.055376 1076.034091 1080.146564 1083.961129 1088.321606 1096.227315 1103.978313 1110.080559 1111.936101 1117.050034 1120.433029 1127.622117 1137.369498 1147.914115 1154.169589 1156.837426 1178.674965 1212.555529 1221.485098 1232.199945 1244.754575 1254.094498 1272.593110 1278.204006 1301.667776 1318.156359 1336.598675 1363.354892 1379.495404 1424.079225 1433.497248 1443.781399 1454.461938 1493.792833 1559.620962 1562.716855 1599.576444 1681.424574 1688.186855 1746.886084 1772.649017 1804.351034 1925.180580 1992.695829 2018.363425 2219.897585 2238.395988 2291.244115 2322.747914 2511.205539 2659.130010 3020.592403 3657.660124 3827.181706 4092.909689 4457.073042 5222.293486 5885.699020 6621.458075 9778.377862 12745.44008 17277.73660 18258.84318 21749.73826 24618.16619 29506.50480 30565.26787 38135.70724 38306.47045 43656.48598 45410.42368 50960.27086 53186.32930 69693.73626 76047.19575 121967.9785 209165.8611 1088549.037 1785319.760 4558345.616 6.166168638e+10
