    unsorted:	 171.3472991 171.3472991 171.3472991 171.3472968 171.3472857 171.3475518 175.0758707 186.4515183 496.4557407 506.2610389 544.4995531 369.5329710 618.6258227 914.2726764 1115.050997 1316.645768 1415.530220 1525.365098 1791.989291 2399.275355 2216.383777 2079.963116 0.4376766520 2731.953822 3770.265922 3690.119639 3945.558759 4219.884929 4458.187299 4785.952699 4915.395427 5118.345655 5544.100550 6855.581705 7592.147269 11069.72809 11655.78021 14569.26999 15588.43410 38263.69703 42734.79253 69756.87881 80384.52740 119652.9884 162373.4991 257730.7166 1258493.794
      sorted:	 0.4376766520 171.3472857 171.3472968 171.3472991 171.3472991 171.3472991 171.3475518 175.0758707 186.4515183 369.5329710 496.4557407 506.2610389 544.4995531 618.6258227 914.2726764 1115.050997 1316.645768 1415.530220 1525.365098 1791.989291 2079.963116 2216.383777 2399.275355 2731.953822 3690.119639 3770.265922 3945.558759 4219.884929 4458.187299 4785.952699 4915.395427 5118.345655 5544.100550 6855.581705 7592.147269 11069.72809 11655.78021 14569.26999 15588.43410 38263.69703 42734.79253 69756.87881 80384.52740 119652.9884 162373.4991 257730.7166 1258493.794
