    unsorted:	 171.3472991 171.3472991 171.3472991 171.3472956 171.3472409 171.3481342 385.5740945 318.5991258 489.9548649 541.6887389 690.0989360 790.7595964 0.6305357151 0.4375695091 1169.469430 1287.771908 1380.912420 1506.145254 1968.890896 2283.431862 2447.110911 2473.992161 3636.373237 3832.767899 4535.004443 4447.846294 5041.658338 5554.323768 6002.097339 6379.704556 6504.899719 6781.539330 7091.482460 7775.508014 8894.107093 13234.96773 18514.76443 31289.71828 38246.93767 41698.91506 60038.55876 76445.76279 143371.9268 161806.4601 284984.5290 696050.9527 3188909.875
      sorted:	 0.4375695091 0.6305357151 171.3472409 171.3472956 171.3472991 171.3472991 171.3472991 171.3481342 318.5991258 385.5740945 489.9548649 541.6887389 690.0989360 790.7595964 1169.469430 1287.771908 1380.912420 1506.145254 1968.890896 2283.431862 2447.110911 2473.992161 3636.373237 3832.767899 4447.846294 4535.004443 5041.658338 5554.323768 6002.097339 6379.704556 6504.899719 6781.539330 7091.482460 7775.508014 8894.107093 13234.96773 18514.76443 31289.71828 38246.93767 41698.91506 60038.55876 76445.76279 143371.9268 161806.4601 284984.5290 696050.9527 3188909.875
