    unsorted:	 1317.069966 1340.010963 1242.636151 1448.577160 1512.679246 1570.845573 1145.959390 1101.142384 996.4317754 1662.166482 1782.397744 1806.299137 925.1179375 1890.367838 808.4849283 1997.549835 710.7310985 633.5522321 616.8475265 2111.979311 2177.048696 2202.208176 442.3025927 318.0723635 243.5125381 198.0965172 175.3474409 2407.309038 2673.765206 4111.578895 4927.144141 5503.936887 6773.165363 9303.938981 10789.17827 10631.12844 11655.48536 12159.78167 13424.23906 15063.66734 17581.17088 21161.40131 35062.10945 83246.67949 105602.7582 251837.9573 259124.7635 279654.9435 628983.5337
      sorted:	 175.3474409 198.0965172 243.5125381 318.0723635 442.3025927 616.8475265 633.5522321 710.7310985 808.4849283 925.1179375 996.4317754 1101.142384 1145.959390 1242.636151 1317.069966 1340.010963 1448.577160 1512.679246 1570.845573 1662.166482 1782.397744 1806.299137 1890.367838 1997.549835 2111.979311 2177.048696 2202.208176 2407.309038 2673.765206 4111.578895 4927.144141 5503.936887 6773.165363 9303.938981 10631.12844 10789.17827 11655.48536 12159.78167 13424.23906 15063.66734 17581.17088 21161.40131 35062.10945 83246.67949 105602.7582 251837.9573 259124.7635 279654.9435 628983.5337
