    unsorted:	 1976.348632 1993.937188 1918.999073 2139.453487 2277.419178 1553.346636 1424.703439 1454.746130 1343.377889 1103.451222 1036.128300 2515.169913 613.0139436 358.8168995 262.2115049 0.1178941653 42.40762939 3313.792431 3427.254116 4022.253700 3849.801912 4266.653027 5435.741626 5965.146596 10112.04669 12632.66921 14249.66717 15195.18050 17107.68538 20901.50321 22035.01132 24433.78642 26404.76494 30909.16143 35071.16221 33403.38647 41325.89421 40987.10902 45089.83868 52191.20760 57982.28732 74041.92262 81076.09525 78826.01335 121381.9855 165181.6502 240487.3717 1496877.960 5917301.667
      sorted:	 0.1178941653 42.40762939 262.2115049 358.8168995 613.0139436 1036.128300 1103.451222 1343.377889 1424.703439 1454.746130 1553.346636 1918.999073 1976.348632 1993.937188 2139.453487 2277.419178 2515.169913 3313.792431 3427.254116 3849.801912 4022.253700 4266.653027 5435.741626 5965.146596 10112.04669 12632.66921 14249.66717 15195.18050 17107.68538 20901.50321 22035.01132 24433.78642 26404.76494 30909.16143 33403.38647 35071.16221 40987.10902 41325.89421 45089.83868 52191.20760 57982.28732 74041.92262 78826.01335 81076.09525 121381.9855 165181.6502 240487.3717 1496877.960 5917301.667
