    unsorted:	 1962.768209 1947.911345 1848.268548 2125.265375 2284.517642 1669.294739 1532.869608 1409.442721 1312.112819 1075.042059 1005.613207 2476.036712 580.7464116 354.3827148 257.0895741 0.1237793682 11.24067889 3177.774971 3408.598603 3742.210286 3857.006007 4199.560581 5149.579968 5699.964534 8038.327526 10132.86279 13739.19823 16320.64852 20670.91402 20535.62059 21763.72522 23735.02356 25407.82222 30358.33277 32237.53036 35073.92637 39789.00654 43910.38740 46543.77266 52455.83527 58221.83037 74870.36707 79306.16643 83595.64572 131135.1144 168270.1609 240312.6085 1556697.904 6048752.668
      sorted:	 0.1237793682 11.24067889 257.0895741 354.3827148 580.7464116 1005.613207 1075.042059 1312.112819 1409.442721 1532.869608 1669.294739 1848.268548 1947.911345 1962.768209 2125.265375 2284.517642 2476.036712 3177.774971 3408.598603 3742.210286 3857.006007 4199.560581 5149.579968 5699.964534 8038.327526 10132.86279 13739.19823 16320.64852 20535.62059 20670.91402 21763.72522 23735.02356 25407.82222 30358.33277 32237.53036 35073.92637 39789.00654 43910.38740 46543.77266 52455.83527 58221.83037 74870.36707 79306.16643 83595.64572 131135.1144 168270.1609 240312.6085 1556697.904 6048752.668
