    unsorted:	 1864.050692 1849.519234 1748.108473 1729.640127 1960.162395 2049.667373 2120.952115 1531.222797 1408.969249 1307.639031 1068.299393 2512.224027 860.8924334 571.2516127 354.1972671 256.9884370 0.1305097814 74.89046098 2774.685948 3197.869015 3661.953562 4240.134707 4635.831253 5284.892051 7047.771737 9905.178598 13264.34822 16104.69493 17399.57491 18649.40346 21475.16427 24191.21656 27929.79815 30672.83545 35074.49719 34226.42078 38810.59447 42924.94935 48245.61550 54790.39499 57819.08025 77914.48276 84526.31738 99401.85291 131814.3112 169022.0512 1640772.591 7296475.984
      sorted:	 0.1305097814 74.89046098 256.9884370 354.1972671 571.2516127 860.8924334 1068.299393 1307.639031 1408.969249 1531.222797 1729.640127 1748.108473 1849.519234 1864.050692 1960.162395 2049.667373 2120.952115 2512.224027 2774.685948 3197.869015 3661.953562 4240.134707 4635.831253 5284.892051 7047.771737 9905.178598 13264.34822 16104.69493 17399.57491 18649.40346 21475.16427 24191.21656 27929.79815 30672.83545 34226.42078 35074.49719 38810.59447 42924.94935 48245.61550 54790.39499 57819.08025 77914.48276 84526.31738 99401.85291 131814.3112 169022.0512 1640772.591 7296475.984
