    unsorted:	 1580.128647 1572.968338 1646.052917 1395.273406 1491.070018 1304.788868 1275.758941 1788.823571 1840.627135 1145.371031 1955.652188 1049.336457 956.7273411 2060.205164 2100.006279 859.6717806 2243.290325 2285.414876 2315.230391 691.6200543 653.0230526 546.7646371 481.4597698 2496.714751 340.8775465 251.6528629 210.4340375 178.5999431 2915.364031 3491.175027 4600.626880 6646.881805 7755.729765 10957.14412 11377.44049 12630.44704 13308.66074 14220.17866 15218.04192 17173.46105 23474.61227 25324.79169 35075.80021 77579.95019 100504.1209 189652.2999 222100.8101 257360.1304 763689.7784
      sorted:	 178.5999431 210.4340375 251.6528629 340.8775465 481.4597698 546.7646371 653.0230526 691.6200543 859.6717806 956.7273411 1049.336457 1145.371031 1275.758941 1304.788868 1395.273406 1491.070018 1572.968338 1580.128647 1646.052917 1788.823571 1840.627135 1955.652188 2060.205164 2100.006279 2243.290325 2285.414876 2315.230391 2496.714751 2915.364031 3491.175027 4600.626880 6646.881805 7755.729765 10957.14412 11377.44049 12630.44704 13308.66074 14220.17866 15218.04192 17173.46105 23474.61227 25324.79169 35075.80021 77579.95019 100504.1209 189652.2999 222100.8101 257360.1304 763689.7784
