    unsorted:	 246.7401103 246.7401103 246.7401103 246.7401103 246.7401103 246.7401103 246.7401103 246.7401103 246.7401103 246.7401103 246.7401103 246.7401103 246.7401103 246.7401103 246.7401103 246.7401103 246.7401103 246.7401103 246.7401103 246.7401103 246.7401103 246.7401103 246.7401103 246.7401103 246.7401103 246.7401103 246.7401103 246.7401103 246.7401103 246.7401103 246.7401103 246.7401103 246.7401103 246.7401103 246.7401103 0.004935648215 494.9480951 492.0307683 498.8831231 483.7157786 470.9852275 457.7446552 436.7846459 435.8294085 526.6914892 544.6936207 570.7502980 565.6395576 409.6868284 408.4995042 392.8385936 646.1663542 636.1192714 659.7158296 666.4043034 676.4115789 692.9702603 706.2677563 730.2127355 753.1648337 346.4404778 786.9134183 796.7186840 325.8721280 830.7467245 838.2430796 263.0065971 888.4526281 931.4849721 207.0355338 1047.372043 50.68885655 1266.762888 1353.491159 1415.896364 1524.621376 1596.407741 1616.713937 1738.419849 1789.821988 1785.802304 1988.802642 2059.768380 2084.037293 2128.685089 2405.874844 2389.072831 3122.836268 3325.391710 3451.913969 3745.260570 4374.287100 4817.540968 5025.936322 8316.396646 8698.828025 11301.69481 14333.12292 18750.30687 18811.71730 18213.53726 20336.44378 21524.31113 23439.76584 27093.26912 30801.34414 34367.89631 34258.22847 35081.62889 40325.17518 46724.32569 56755.58585 73013.57532 81193.18177 89263.75907 124986.6165 170233.2144 243749.2357 5252977.671
      sorted:	 0.004935648215 50.68885655 207.0355338 246.7401103 246.7401103 246.7401103 246.7401103 246.7401103 246.7401103 246.7401103 246.7401103 246.7401103 246.7401103 246.7401103 246.7401103 246.7401103 246.7401103 246.7401103 246.7401103 246.7401103 246.7401103 246.7401103 246.7401103 246.7401103 246.7401103 246.7401103 246.7401103 246.7401103 246.7401103 246.7401103 246.7401103 246.7401103 246.7401103 246.7401103 246.7401103 246.7401103 246.7401103 246.7401103 263.0065971 325.8721280 346.4404778 392.8385936 408.4995042 409.6868284 435.8294085 436.7846459 457.7446552 470.9852275 483.7157786 492.0307683 494.9480951 498.8831231 526.6914892 544.6936207 565.6395576 570.7502980 636.1192714 646.1663542 659.7158296 666.4043034 676.4115789 692.9702603 706.2677563 730.2127355 753.1648337 786.9134183 796.7186840 830.7467245 838.2430796 888.4526281 931.4849721 1047.372043 1266.762888 1353.491159 1415.896364 1524.621376 1596.407741 1616.713937 1738.419849 1785.802304 1789.821988 1988.802642 2059.768380 2084.037293 2128.685089 2389.072831 2405.874844 3122.836268 3325.391710 3451.913969 3745.260570 4374.287100 4817.540968 5025.936322 8316.396646 8698.828025 11301.69481 14333.12292 18213.53726 18750.30687 18811.71730 20336.44378 21524.31113 23439.76584 27093.26912 30801.34414 34258.22847 34367.89631 35081.62889 40325.17518 46724.32569 56755.58585 73013.57532 81193.18177 89263.75907 124986.6165 170233.2144 243749.2357 5252977.671
