    unsorted:	 1435.226213 1419.886537 1669.733024 1709.714031 1631.454265 1598.460276 1857.530439 1895.847511 1300.155614 2007.153855 1170.855040 1082.435992 1031.939934 894.0829750 2230.362867 2201.397777 2351.474453 2391.009114 2461.939655 715.0623780 673.7980983 510.3977863 470.0583232 357.0173051 2593.378024 256.7094142 217.7231834 180.7764658 3014.351190 3147.023664 4900.351740 7074.488024 9716.238027 11591.41007 11944.64458 12800.28513 13530.68381 14886.86599 18183.71910 23737.22495 25445.70652 28894.98115 35080.99075 75761.65460 100061.8383 171993.5920 213680.0257 256424.9992 920140.6368
      sorted:	 180.7764658 217.7231834 256.7094142 357.0173051 470.0583232 510.3977863 673.7980983 715.0623780 894.0829750 1031.939934 1082.435992 1170.855040 1300.155614 1419.886537 1435.226213 1598.460276 1631.454265 1669.733024 1709.714031 1857.530439 1895.847511 2007.153855 2201.397777 2230.362867 2351.474453 2391.009114 2461.939655 2593.378024 3014.351190 3147.023664 4900.351740 7074.488024 9716.238027 11591.41007 11944.64458 12800.28513 13530.68381 14886.86599 18183.71910 23737.22495 25445.70652 28894.98115 35080.99075 75761.65460 100061.8383 171993.5920 213680.0257 256424.9992 920140.6368
